0601.37506
0854.37803
0854.37839
0854.37856
0855.38174
0855.38179
0855.38181
0855.38183
0855.38184
1154.14111
1601.00991
1911.08265
2025.0034
2025.10089
2025.10297
2025.13025
2025.35888
2025.35894
2026.13501
2203.11014
2205.12944
2208.08489
2301.04104
2305.16291
2305.17144
2306.04799
2309.10305
2309.13526
2310.08367
2311.05884
2401.17644
2402.06859
2402.16801
2402.17152
2403.00802
2403.00841
2403.02545
2403.02610
2403.04652
2403.05530
2403.12037
2403.17297
2403.17729
2404.02039
2404.08706
2405.06686
2405.10596
2405.11143
2405.17477
2405.20836
2406.05946
2406.08472
2406.11704
2406.11875
2407.00662
2407.02477
2407.10490
2407.10671
2407.12161
2407.13349
2407.15007
2407.21075
2407.21783
2408.01072
2408.08686
2408.09622
2408.12525
2408.14837
2409.01369
2409.10516
2409.12740
2410.00564
2410.01458
2410.03847
2410.06151
2410.07073
2410.07765
2410.08565
2410.09701
2410.10700
2410.15644
2410.19450
2410.20502
2411.04580
2411.04997
2411.05990
2411.09425
2411.09852
2411.13535
2411.13543
2411.13865
2411.14499
2411.17771
2412.00725
2412.01253
2412.03685
2412.03724
2412.05255
2412.06540
2412.08635
2412.08905
2412.12095
2412.13602
2412.14135
2412.15115
2412.15270
2412.16720
2412.17707
2412.19437
2412.20523
2412.20977
2501.00663
2501.06425
2501.08552
2501.09891
2501.10106
2501.10116
2501.10548
2501.11659
2501.12152
2501.12599
2501.12948
2501.13344
2501.14225
2501.14545
2501.15368
2501.18438
2501.19393
2502.00639
2502.00640
2502.01591
2502.02533
2502.06768
2502.06823
2502.08132
2502.09053
2502.09888
2502.10050
2502.10303
2502.10906
2502.11167
2502.11271
2502.12110
2502.12634
2502.12671
2502.12859
2502.13189
2502.13388
2502.14529
2502.14560
2502.14606
2502.14829
2502.15711
2502.17967
2502.18449
2502.18791
2502.18965
2502.19920
2503.00385
2503.01584
2503.01743
2503.02311
2503.04094
2503.04416
2503.04625
2503.04715
2503.04741
2503.05383
2503.05493
2503.05641
2503.06047
2503.07703
2503.08428
2503.09382
2503.09527
2503.09799
2503.10582
2503.11651
2503.12358
2503.12524
2503.13077
2503.13356
2503.14858
2503.15554
2503.16075
2503.16365
2503.16416
2503.16536
2503.18929
2503.20124
2503.21263
2503.21474
2503.22182
2503.24067
2503.24289
2504.01304
2504.01990
2504.03160
2504.03624
2504.04783
2504.04937
2504.05522
2504.06780
2504.06803
2504.07110
2504.07112
2504.07491
2504.08075
2504.08388
2504.09420
2504.10295
2504.10479
2504.11442
2504.12007
2504.12216
2504.12345
2504.12463
2504.12679
2504.12764
2504.13173
2504.13181
2504.13186
2504.13837
2504.13914
2504.13928
2504.15266
2504.16053
2504.16084
2504.17891
2504.19678
2504.20064
2504.20879
2504.21318
2504.21764
2505.00949
2505.03335
2505.03484
2505.04421
2505.05410
2505.06120
2505.06708
2505.07062
2505.07344
2505.08019
2505.09338
2505.09388
2505.10442
2505.10465
2505.10475
2505.10802
2505.10940
2505.12200
2505.12225
2505.12489
2505.13426
2505.13460
2505.13709
2505.13840
2505.13886
2505.13934
2505.14057
2505.14357
2505.15091
2505.15105
2505.15146
2505.15424
2505.16801
2505.16933
2505.16994
2505.17353
2505.17638
2505.18134
2505.18454
2505.18607
2505.18654
2505.19505
2505.19590
2505.19755
2505.20011
2505.20347
2505.21525
2505.23181
2505.23653
2505.23660
2505.23735
2505.24157
2505.24832
2505.30000
2506.00329
2506.00954
2506.01432
2506.01716
2506.01939
2506.02261
2506.02387
2506.03106
2506.03136
2506.03309
2506.03337
2506.03524
2506.03610
2506.03699
2506.04098
2506.04651
2506.05301
2506.05347
2506.05527
2506.06017
2506.06522
2506.06725
2506.07032
2506.07450
2506.07468
2506.07548
2506.07918
2506.08009
2506.08745
2506.10326
2506.10357
2506.10484
2506.10520
2506.10910
2506.10918
2506.11124
2506.11891
2506.12103
2506.12119
2506.12229
2506.12721
2506.12801
2506.12928
2506.13131
2506.13585
2506.13695
2506.13737
2506.13743
2506.14245
2506.14990
2506.15421
2506.15880
2506.16114
2506.17103
2506.17220
2506.17348
2506.18537
2506.18628
2506.18701
2506.18896
2506.20036
2506.20664
2506.21520
2506.22008
2506.23068
2506.23100
2506.23626
2506.23689
2506.24119
2507.00257
2507.00726
2507.01006
2507.04373
2507.04873
2507.05238
2507.06052
2507.06261
2507.06466
2507.06810
2507.06825
2507.07855
2507.08210
2507.08707
2507.08801
2507.08838
2507.08956
2507.09648
2507.09816
2507.10097
2507.10616
2507.11246
2507.11987
2507.12666
2507.13575
2507.14200
2507.14241
2507.14758
2507.15551
2507.15846
2507.15994
2507.16632
2507.16784
2507.16829
2507.17075
2507.17080
2507.17474
2507.18014
2507.19038
2507.19427
2507.19457
2507.19703
2507.20199
2507.20208
2507.20534
2507.21504
2507.21783
2507.21914
2507.21931
2507.22078
2507.23698
2507.24379
2508.00001
2508.00083
2508.00632
2508.02002
2508.02085
2508.02929
2508.03368
2508.03668
2508.04361
2508.04652
2508.04655
2508.04711
2508.04792
2508.05093
2508.05206
2508.05592
2508.05731
2508.06165
2508.06450
2508.06471
2508.07223
2508.07595
2508.08501
2508.09193
2508.09860
2508.10316
2508.10333
2508.10478
2508.10584
2508.10875
2508.11565
2508.12665
2508.13009
2508.13530
2508.13567
2508.14295
2508.14444
2508.14500
2508.15311
2508.15326
2508.15763
2508.16573
2508.16821
2508.16823
2508.17125
2508.17689
2508.18265
2508.18533
2508.18797
2508.18812
2508.19506
2508.19507
2508.20900
2508.21365
2508.21380
2508.21460
2508.21801
2509.00338
2509.00483
2509.00923
2509.01184
2509.02208
2509.02322
2509.02547
2509.03348
2509.03682
2509.03771
2509.04481
2509.05735
2509.06053
2509.06235
2509.07414
2509.07594
2509.09372
2509.09675
2509.09919
2509.12117
2509.12927
2509.13347
2509.14786
2509.15090
2509.15915
2509.16456
2509.16941
2509.17325
2509.17361
2509.17738
2509.17765
2509.18091
2509.18454
2509.18874
2509.20304
2509.20648
2509.20904
2509.22170
2509.22387
2509.22601
2509.22963
2509.23135
2509.23462
2509.23787
2509.23863
2509.24007
2509.24116
2509.24341
2509.24527
2509.24981
2509.25087
2509.25140
2509.25190
2509.25300
2509.25541
2509.25827
2509.26161
2509.26495
2510.00054
2510.01051
2510.01609
2510.01857
2510.01924
2510.02180
2510.02692
2510.03280
2510.04008
2510.04019
2510.04542
2510.04573
2510.04618
2510.04800
2510.04862
2510.05048
2510.05132
2510.05444
2510.05592
2510.05598
2510.06680
2510.07019
2510.08928
2510.09023
2510.09541
2510.09782
2510.10102
2510.10127
2510.11639
2510.11877
2510.12264
2510.12742
2510.13586
2510.13786
2510.14974
2510.14979
2510.15047
2510.15064
2510.15104
2510.15120
2510.15286
2510.15414
2510.15831
2510.16925
2510.17797
2510.18239
2510.18245
2510.18483
2510.18821
2510.19315
2510.19788
2510.20260
2510.20822
2510.21167
2510.21418
2510.21450
2510.21618
2510.21714
2510.22158
2510.22570
2510.22954
2510.23038
2510.23077
2510.23216
2510.23410
2510.23595
2510.23691
2510.26095
2510.26104
2510.26692
2510.27157
2511.00343
2511.00602
2511.00804
2511.00811
2511.02094
2511.02626
2511.03155
2511.03724
2511.05569
2511.06077
2511.06781
2511.07312
2511.07372
2511.07904
2511.08174
2511.08378
2511.08585
2511.08892
2511.09057
2511.09157
2511.10037
2511.10138
2511.10277
2511.10400
2511.10492
2511.10560
2511.10593
2511.10714
2511.10962
2511.11083
2511.11255
2511.11611
2511.11740
2511.12081
2511.12083
2511.12518
2511.12848
2511.12876
2511.13186
2511.13231
2511.13648
2511.14650
2511.15122
2511.15141
2511.15407
2511.15848
2511.15915
2511.16043
2511.16624
2511.16825
2511.17864
2511.18331
2511.18793
2511.20200
2511.20235
2511.20462
2511.20591
2511.20639
2511.20645
2511.20649
2511.20714
2511.20920
2511.20993
2511.21394
2511.21631
2511.21667
2511.21783
2511.21928
2511.22226
2511.22904
2511.23319
2512.00560
2512.00593
2512.00939
2512.00968
2512.01179
2512.01311
2512.02358
2512.02473
2512.02556
2512.02731
2512.03354
2512.03759
2512.03975
2512.04714
2512.04784
2512.07216
2512.0741
2512.07783
2512.07821
2512.08139
2512.08296
2512.08877
2512.08924
2512.09200
2512.09706
2512.10398
2512.10501
2512.10551
2512.10835
2512.10958
2512.11438
2512.11782
2512.12080
2512.12567
2512.12706
2512.12740
2512.12751
2512.13030
2512.14041
2512.16444
2512.16615
2512.16848
2512.17091
2512.17133
2512.17308
2512.17543
2512.18470
2512.18564
2512.18832
2512.20491
2512.20745
2512.20757
2512.20806
2512.20848
2512.20856
2512.21257
2512.21720
2512.24324
2512.24325
2512.24601
2512.24635
2512.24695
2512.24787
2601.00007
2601.00393
2601.01014
2601.01496
2601.01743
2601.01753
2601.01828
2601.02204
2601.02427
2601.02671
2601.02695
2601.02754
2601.02807
2601.02907
2601.02997
2601.03267
2601.03306
2601.03479
2601.03512
2601.03537
2601.03661
2601.03822
2601.03903
2601.03986
2601.04411
2601.04567
2601.04575
2601.04603
2601.04611
2601.05047
2601.05138
2601.05215
2601.05257
2601.05386
2601.05633
2601.05899
2601.05930
2601.06108
2601.06238
2601.06463
2601.06487
2601.06604
2601.07349
2601.07470
2601.07613
2601.08107
2601.08148
2601.08151
2601.08360
2601.08584
2601.08705
2601.08731
2601.09306
2601.09668
2601.09881
2601.10242
2601.10349
2601.10611
2601.10639
2601.10649
2601.11007
2601.11044
2601.11529
2601.11659
2601.12323
2601.12538
2601.12560
2601.12681
2601.12707
2601.13181
2601.14430
2601.14652
2601.14711
2601.14955
2601.15047
2601.15158
2601.15165
2601.15593
2601.15621
2601.15793
2601.16148
2601.16276
2601.16447
2601.16556
2601.16815
2601.16914
2601.17069
2601.17507
2601.17617
2601.17678
2601.17836
2601.17923
2601.18026
2601.18068
2601.18070
2601.18077
2601.18089
2601.18096
2601.18137
2601.18213
2601.18251
2601.18292
2601.18401
2601.18457
2601.18579
2601.19134
2601.19142
2601.19178
2601.19280
2601.19336
2601.19423
2601.19435
2601.19711
2601.19739
2601.19827
2601.19897
2601.19965
2601.20083
2601.20215
2601.20234
2601.20540
2601.21124
2601.21162
2601.21204
2601.21285
2601.21459
2601.21770
2601.21866
2601.21986
2601.22139
2601.22385
2601.22420
2601.22448
2601.22536
2601.22580
2601.22925
2601.23045
2601.23206
2601.23219
2602.00002
2602.00127
2602.00190
2602.00413
2602.00426
2602.00528
2602.00608
2602.00676
2602.00682
2602.00815
2602.01198
2602.01338
2602.01357
2602.01563
2602.01605
2602.01708
2602.01709
2602.01801
2602.01865
2602.02212
2602.02214
2602.02244
2602.02258
2602.02276
2602.02493
2602.02572
2602.02660
2602.02729
2602.02799
2602.02909
2602.02979
2602.03109
2602.03168
2602.03190
2602.03216
2602.03223
2602.03295
2602.03681
2602.03692
2602.03786
2602.03955
2602.04296
2602.04460
2602.04705
2602.04837
2602.05327
2602.05400
2602.05547
2602.05636
2602.05663
2602.05711
2602.05835
2602.05842
2602.05905
2602.05945
2602.05946
2602.06022
2602.06090
2602.06130
2602.06176
2602.06183
2602.06232
2602.06355
2602.06409
2602.06422
2602.06554
2602.06563
2602.06570
2602.06597
2602.06909
2602.06949
2602.07207
2602.07298
2602.07359
2602.07375
2602.07520
2602.07521
2602.07526
2602.07672
2602.07739
2602.07832
2602.07840
2602.08041
2602.08071
2602.08194
2602.08234
2602.08261
2602.08354
2602.08355
2602.08467
2602.08584
2602.08612
2602.08847
2602.08965
2602.08983
2602.09000
2602.09022
2602.09081
2602.09130
2602.09194
2602.09305
2602.09306
2602.09341
2602.09387
2602.09401
2602.09445
2602.09829
2602.10016
2602.10044
2602.10085
2602.10090
2602.10095
2602.10102
2602.10177
2602.10226
2602.10305
2602.10410
2602.10445
2602.10455
2602.10603
2602.10604
2602.10606
2602.10811
2602.10894
2602.10908
2602.10975
2602.11052
2602.11062
2602.11103
2602.11139
2602.11142
2602.11184
2602.11185
2602.11190
2602.11224
2602.11235
2602.11241
2602.11410
2602.11523
2602.11549
2602.11685
2602.11686
2602.11780
2602.11799
2602.11841
2602.11865
2602.12041
2602.12147
2602.12187
2602.12279
2602.12345
2602.12429
2602.12430
2602.12499
2602.12520
2602.12530
2602.12966
2602.12968
2602.12972
2602.12984
2602.13313
2602.13581
2602.13631
2602.13802
2602.13804
2602.13935
2602.13971
2602.13977
2602.14024
2602.14041
2602.14110
2602.14208
2602.14254
2602.14278
2602.14559
2602.14857
2602.15012
2602.15014
2602.15029
2602.15505
2602.15659
2602.15763
2602.16066
2602.16136
2602.16165
2602.16325
2602.16488
2602.16666
2602.16763
2602.16813
2602.16891
2602.16928
2602.16986
2602.16998
2602.17004
2602.17050
2602.17100
2602.17134
2602.17363
2602.17445
2602.17547
2602.17594
2602.17633
2602.17634
2602.17688
2602.17744
2602.18037
2602.18283
2602.18291
2602.18786
2602.18849
2602.18907
2602.18943
2602.18998
2602.19327
2602.19362
2602.19416
2602.19728
2602.19938
2602.20093
2602.20132
2602.20294
2602.20330
2602.20558
2602.20676
2602.20685
2602.20809
2602.20813
2602.20877
2602.20995
2602.21099
2602.21201
2602.21247
2602.21269
2602.21456
2602.21534
2602.21628
2602.21788
2602.21966
2602.22010
2602.22208
2602.22266
2602.22480
2602.22495
2602.22538
2602.22546
2602.22650
2602.22681
2602.22732
2602.22810
2602.22817
2602.22913
2602.22953
2602.23008
2602.23057
2602.23058
2602.23105
2602.23132
2602.23671
2602.23978
2602.23997
2602.24012
2602.24283
2602.24289
2603.00009
2603.00142
2603.00175
2603.00207
2603.00309
2603.00374
2603.00394
2603.00724
2603.00729
2603.00825
2603.00977
2603.00980
2603.01335
2603.01501
2603.01590
2603.01896
2603.01926
2603.01973
2603.02146
2603.02184
2603.02218
2603.02561
2603.02653
2603.02701
2603.02715
2603.02748
2603.02765
2603.02999
2603.03078
2603.03195
2603.03276
2603.03329
2603.03683
2603.03770
2603.03964
2603.03975
2603.03988
2603.04227
2603.04292
2603.04379
2603.04411
2603.04553
2603.04567
2603.04597
2603.04791
2603.04920
2603.04948
2603.04971
2603.05134
2603.05290
2603.05498
2603.05573
2603.06565
2603.06569
2603.06608
2603.06617
2603.06656
2603.06679
2603.06793
2603.06938
2603.06977
2603.07083
2603.07106
2603.07111
2603.07605
2603.07670
2603.07685
2603.07721
2603.07725
2603.08068
2603.08561
2603.08640
2603.08660
2603.08773
2603.08859
2603.09022
2603.09030
2603.09036
2603.09208
2603.09221
2603.09378
2603.09785
2603.09951
2603.10067
2603.10098
2603.10369
2603.10473
2603.10588
2603.10673
2603.10910
2603.10990
2603.11178
2603.11327
2603.11352
2603.11395
2603.11601
2603.11682
2603.11901
2603.11909
2603.12145
2603.12151
2603.12201
2603.12578
2603.12586
2603.12766
2603.12872
2603.12984
2603.13131
2603.13364
2603.13381
2603.13417
2603.13730
2603.13934
2603.14181
2603.14186
2603.14520
2603.14526
2603.14712
2603.14724
2603.15031
2603.15255
2603.15371
2603.15432
2603.15563
2603.15569
2603.15646
2603.15798
2603.15907
2603.15953
2603.16060
2603.16127
2603.16832
2603.16871
2603.17145
2603.17169
2603.17205
2603.17378
2603.17433
2603.17683
2603.17826
2603.17970
2603.18031
2603.18046
2603.18202
2603.18480
2603.18563
2603.18761
2603.18897
2603.19188
2603.19232
2603.19312
2603.19335
2603.19453
2603.19461
2603.19585
2603.19685
2603.19693
2603.19710
2603.20397
2603.20432
2603.20633
2603.20691
2603.21546
2603.21613
2603.21864
2603.22161
2603.22231
2603.22300
2603.22333
2603.22355
2603.22479
2603.22586
2603.22779
2603.22846
2603.22862
2603.23183
2603.23326
2603.23660
2603.23749
2603.23875
2603.23994
2603.24136
2603.24324
2603.25027
2603.25040
2603.25126
2603.25133
2603.25326
2603.26017
2603.26085
2603.26100
2603.26527
2603.26541
2603.26635
2603.26782
2603.27515
2603.27693
2603.27896
2603.28049
2603.28386
2603.28489
2603.28499
2603.28743
2603.28955
2603.29297
2603.29761
2603.29845
2603.30033
2604.00076
2604.00344
2604.00487
2604.00491
2604.00536
2604.00590
2604.00648
2604.00722
2604.01411
2604.01430
2604.01527
2604.01658
2604.02051
2604.02119
2604.02330
2604.02375
2604.02507
2604.02648
2604.02650
2604.02684
2604.02688
2604.02721
2604.02729
2604.03004
2604.03091
2604.03144
2604.03208
2604.03253
2604.03671
2604.04038
2604.04427
2604.04457
2604.04468
2604.04703
2604.04913
2604.04949
2604.04976
2604.05112
2604.05134
2604.05297
2604.05314
2604.05379
2604.05476
2604.05533
2604.05655
2604.05678
2604.05681
2604.05808
2604.05845
2604.05943
2604.06263
2604.06789
2604.06798
2604.06916
2604.06928
2604.07165
2604.07385
2604.07429
2604.07716
2604.07729
2604.07733
2604.07752
2604.07798
2604.07808
2604.07821
2604.07823
2604.07825
2604.07851
2604.07930
2604.07941
2604.08011
2604.08186
2604.08340
2604.08553
2604.08586
2604.08829
2604.08865
2604.08872
2604.08933
2604.08958
2604.08960
2604.08995
2604.09059
2604.09075
2604.09175
2604.09459
2604.09577
2604.09881
2604.09940
2604.10107
2604.10135
2604.10496
2604.10500
2604.10701
2604.10739
2604.10788
2604.10800
2604.10812
2604.10917
2604.11002
2604.11035
2604.11082
2604.11199
2604.11248
2604.11440
2604.11507
2604.11529
2604.11748
2604.11881
2604.12012
2604.12096
2604.12110
2604.12128
2604.12234
2604.12268
2604.12298
2604.12374
2604.12627
2604.12632
2604.12788
2604.12799
2604.12965
2604.13015
2604.13039
2604.13120
2604.13226
2604.13273
2604.13389
2604.13592
2604.13737
2604.13940
2604.13977
2604.14054
2604.14114
2604.14148
2604.14198
2604.14386
2604.14474
2604.14581
2604.14586
2604.14839
2604.14853
2604.14878
2604.15350
2604.15351
2604.15650
2604.15726
2604.15804
2604.16009
2604.16121
2604.16320
2604.16325
2604.16423
2604.16821
2604.16918
2604.17121
2604.17184
2604.17191
2604.17221
2604.17259
2604.17304
2604.17464
2604.17696
2604.17699
2604.17870
2604.17878
2604.17892
2604.18123
2604.18146
2604.18200
2604.18394
2604.18530
2604.18547
2604.18564
2604.18580
2604.18655
2604.18701
2604.18946
2604.18975
2604.19147
2604.19192
2604.19269
2604.19295
2604.19305
2604.19414
2604.19461
2604.19479
2604.19550
2604.19742
2604.19769
2604.19825
2604.19926
2604.20065
2604.20209
2604.20261
2604.20329
2604.20582
2604.20659
2604.20779
2604.20796
2604.20848
2604.20858
2604.20861
2604.20920
2604.20926
2604.20987
2604.21215
2604.21254
2604.21428
2604.21536
2604.21764
2604.21769
2604.21896
2604.22074
2604.22195
2604.22271
2604.22722
2604.23197
2604.23397
2604.23810
2604.24320
2604.24697
2604.24764
2604.24806
2604.24885
2604.25067
2604.25318
2604.25482
2604.25787
2604.25796
2604.25834
2604.26231
2604.26334
2604.26760
2604.26837
2604.27599
2604.27859
2604.27972
2604.27998
2605.00226
2605.00327
2605.00347
2605.00370
2605.00380
2605.00400
2605.00419
2605.00421
2605.00425
2605.00505
2605.00597
2605.00737
2605.00751
2605.00809
2605.01130
2605.01148
2605.01245
2605.01278
2605.01283
2605.01622
2605.01624
2605.01726
2605.01756
2605.01783
2605.01805
2605.01823
2605.01865
2605.02028
2605.02134
2605.02178
2605.02443
2605.02528
2605.02801
2605.03142
2605.03202
2605.03604
2605.03782
2605.03941
2605.04312
2605.04326
2605.04356
2605.04559
2605.04665
2605.04712
2605.04723
2605.04725
2605.04726
2605.04733
2605.04741
2605.04906
2605.04913
2605.05090
2605.05096
2605.05138
2605.05803
2605.05971
2605.06066
2605.06104
2605.06137
2605.06184
2605.06206
2605.06235
2605.06326
2605.06375
2605.06390
2605.06501
2605.06548
2605.06638
2605.06642
2605.06869
2605.07112
2605.07153
2605.07172
2605.07315
2605.07342
2605.07442
2605.07748
2605.07825
2605.07890
2605.07926
2605.08019
2605.08134
2605.08301
2605.08326
2605.08499
2605.08539
2605.08962
2605.08982
2605.09150
2605.09338
2605.09608
2605.09860
2605.09918
2605.09959
2605.09965
2605.09998
2605.10207
2605.10310
2605.10730
2605.10797
2605.10912
2605.11020
2605.11042
2605.11433
2605.11553
2605.11636
2605.11856
2605.11874
2605.11922
2605.12039
2605.12110
2605.12138
2605.12289
2605.12334
2605.12411
2605.12483
2605.12501
2605.12966
2605.13026
2605.13217
2605.13433
2605.13496
2605.13497
2605.13570
2605.13687
2605.13724
2605.13779
2605.13918
2605.14037
2605.14186
2605.14212
2605.14283
2605.14379
2605.14401
2605.14512
2605.14944
2605.15178
2605.15256
2605.15508
2605.15603
2605.15871
2605.15905
2605.16030
2605.16312
2605.16315
2605.16457
2605.16474
2605.16517
2605.16727
2605.16928
2605.16976
2605.17162
2605.17267
2605.17537
2605.17570
2605.17637
2605.17788
2605.17849
2605.17863
2605.17925
2605.18530
2605.18636
2605.18673
2605.18678
2605.18703
2605.18747
2605.18848
2605.18855
2605.19091
2605.19095
2605.19235
2605.19352
2605.19376
2605.19416
2605.19447
2605.19457
2605.19503
2605.19928
2605.20119
2605.20189
2605.20246
2605.20251
2605.20268
2605.20285
2605.20425
2605.20670
2605.20683
2605.20708
2605.20724
2605.20758
2605.20834
2605.20873
2605.20926
2605.21082
2605.21108
2605.21168
2605.21240
2605.21384
2605.21431
2605.21510
2605.21654
2605.21726
2605.21778
2605.21812
2605.21822
2605.21832
2605.21902
2605.21967
2605.21969
2605.21984
2605.21987
2605.21997
2605.22047
2605.22073
2605.22138
2605.22148
2605.22344
2605.22358
2605.22511
2605.22763
2605.22791
2605.22814
2605.22838
2605.22875
2605.22885
2605.22905
2605.23067
2605.23109
2605.23191
2605.23204
2605.23218
2605.23220
2605.23238
2605.23312
2605.23384
2605.23463
2605.23522
2605.23556
2605.23562
2605.23572
2605.23574
2605.23603
2605.23605
2605.23628
2605.23652
2605.23702
2605.23772
2605.23857
2605.23872
2605.23893
2605.23901
2605.23904
2605.23926
2605.23978
2605.23993
2605.24033
2605.24043
2605.24051
2605.24057
2605.24084
2605.24139
2605.24202
2605.24216
2605.24375
2605.24486
2605.24547
2605.24856
2605.24981
2605.24986
2605.24989
2605.25451
2605.25583
2605.25620
2605.25678
2605.25726
2605.25749
2605.25998
2605.26064
2605.26079
2605.26086
2605.26099
2605.26106
2605.26144
2605.26191
2605.26282
2605.26371
2605.26494
2605.26646
2605.26717
2605.26797
2605.26895
2605.27103
2605.27286
2605.27295
2605.27355
2605.27450
2605.27704
2605.27761
2605.27762
2605.27811
2605.27856
2605.27899
2605.28175
2605.28258
2605.28405
2605.28493
2605.28522
2605.28617
2605.28655
2605.28699
2605.28710
2605.28713
2605.28732
2605.28742
2605.28769
2605.28774
2605.28807
2605.28816
2605.28863
2605.28888
2605.28897
2605.29232
2605.29280
2605.29287
2605.29307
2605.29322
2605.29384
2605.29497
2605.29512
2605.29517
2605.29653
2605.29755
2605.29874
2605.29893
2605.29919
2605.29927
2605.29940
2605.30094
2605.30103
2605.30120
2605.30280
2605.30284
2605.30288
2605.30330
2605.30334
2605.30337
2605.30344
2605.30434
2605.30451
2605.30512
2605.30523
2605.30570
2605.30621
2605.30637
2605.30719
2605.30738
2605.30772
2605.30785
2605.30790
2605.30824
2605.30832
2605.30838
2605.30859
2605.30861
2605.30864
2605.30876
2605.30898
2605.30900
2605.30917
2605.30931
2605.31003
2605.31036
2605.31100
2605.31167
2605.31171
2605.31264
2605.31318
2605.31377
2605.31414
2605.31433
2605.31468
2605.31484
2605.31492
2605.31506
2605.31529
2605.31558
2605.31575
2605.31584
2606.00017
2606.00065
2606.00079
2606.00103
2606.00133
2606.00135
2606.00136
2606.00144
2606.00151
2606.00172
2606.00183
2606.00206
2606.00232
2606.00240
2606.00251
2606.00270
2606.00282
2606.00288
2606.00324
2606.00341
2606.00367
2606.00376
2606.00382
2606.00390
2606.00422
2606.00424
2606.00487
2606.00516
2606.00523
2606.00540
2606.00590
2606.00610
2606.00642
2606.00671
2606.00756
2606.00869
2606.00888
2606.01057
2606.01062
2606.01143
2606.01164
2606.01281
2606.01306
2606.01352
2606.01396
2606.01476
2606.01495
2606.01509
2606.01528
2606.01532
2606.01556
2606.01613
2606.01670
2606.01672
2606.01774
2606.01782
2606.01783
2606.01844
2606.01926
2606.01976
2606.02020
2606.02031
2606.02111
2606.02132
2606.02241
2606.02288
2606.02355
2606.02372
2606.02388
2606.02417
2606.02575
2606.02581
2606.02599
2606.02643
2606.02737
2606.02800
2606.02814
2606.02832
2606.02871
2606.02908
2606.02992
2606.03091
2606.03108
2606.03121
2606.03221
2606.03234
2606.03288
2606.03303
2606.03305
2606.03382
2606.03393
2606.03410
2606.03458
2606.03465
2606.03503
2606.03527
2606.03535
2606.03602
2606.03608
2606.03681
2606.03712
2606.03718
2606.03723
2606.03731
2606.03739
2606.03762
2606.03800
2606.03819
2606.03825
2606.03841
2606.03857
2606.03866
2606.03883
2606.03899
2606.03904
2606.03918
2606.03928
2606.03938
2606.03965
2606.03979
2606.03980
2606.03990
2606.04032
2606.04050
2606.04058
2606.04120
2606.04135
2606.04149
2606.04202
2606.04261
2606.04272
2606.04300
2606.04374
2606.04387
2606.04391
2606.04435
2606.04448
2606.04484
2606.04485
2606.04492
2606.04511
2606.04514
2606.04536
2606.04547
2606.04550
2606.04557
2606.04560
2606.04603
2606.04650
2606.04683
2606.04719
2606.04727
2606.04750
2606.04754
2606.04874
2606.04909
2606.04928
2606.04929
2606.04930
2606.04944
2606.04945
2606.04974
2606.04980
2606.04990
2606.05002
2606.05014
2606.05029
2606.05046
2606.05067
2606.05080
2606.05145
2606.05152
2606.05158
2606.05160
2606.05165
2606.05169
2606.05170
2606.05182
2606.05201
2606.05208
2606.05257
2606.05296
2606.05304
2606.05308
2606.05332
2606.05342
2606.05345
2606.05376
2606.05382
2606.05384
2606.05400
2606.05402
2606.05403
2606.05404
2606.05405
2606.05408
2606.05429
2606.05449
2606.05537
2606.05555
2606.05568
2606.05597
2606.05614
2606.05621
2606.05647
2606.05661
2606.05671
2606.05684
2606.05728
2606.05837
2606.05859
2606.05878
2606.06007
2606.06036
2606.06090
2606.06162
2606.06225
2606.06238
2606.06256
2606.06260
2606.06298
2606.06302
2606.06315
2606.06383
2606.06428
2606.06447
2606.06453
2606.06470
2606.06486
2606.06523
2606.06529
2606.06533
2606.06564
2606.06565
2606.06574
2606.06578
2606.06660
2606.06712
2606.06741
2606.06779
2606.06787
2606.06861
2606.06880
2606.06888
2606.06893
2606.06915
2606.06923
2606.06947
2606.06970
2606.06976
2606.07007
2606.07017
2606.07027
2606.07038
2606.07054
2606.07075
2606.07079
2606.07098
2606.07108
2606.07116
2606.07131
2606.07157
2606.07187
2606.07205
2606.07218
2606.07228
2606.07235
2606.07252
2606.07291
2606.07299
2606.07317
2606.07345
2606.07367
2606.07379
2606.07404
2606.07410
2606.07454
2606.07462
2606.07487
2606.07489
2606.07492
2606.07513
2606.07515
2606.07546
2606.07819
2606.07980
2606.08064
2606.08081
2606.08172
2606.08327
2606.08340
2606.08348
2606.08369
2606.08381
2606.08405
2606.08446
2606.08464
2606.08466
2606.08480
2606.08511
2606.08604
2606.08656
2606.08733
2606.08979
2606.08982
2606.09032
2606.09038
2606.09156
2606.09204
2606.09241
2606.09426
2606.09475
2606.09659
2606.09669
2606.09735
2606.09826
2606.09828
2606.09850
2606.09861
2606.09862
2606.09888
2606.09891
2606.09896
2606.09900
2606.09937
2606.10053
2606.10078
2606.10135
2606.10156
2606.10357
2606.10375
2606.10389
2606.10435
2606.10528
2606.10621
2606.10646
2606.10650
2606.10709
2606.10907
2606.11016
2606.11023
2606.11045
2606.11046
2606.11070
2606.11081
2606.11082
2606.11119
2606.11123
2606.11127
2606.11138
2606.11150
2606.11156
2606.11164
2606.11166
2606.11169
2606.11171
2606.11172
2606.11173
2606.11182
2606.11188
2606.11189
2606.11201
2606.11243
2606.11245
2606.11258
2606.11275
2606.11277
2606.11284
2606.11286
2606.11290
2606.11319
2606.11337
2606.11341
2606.11348
2606.11382
2606.11435
2606.11445
2606.11470
2606.11482
2606.11522
2606.11576
2606.11634
2606.11640
2606.11662
2606.11700
2606.11749
2606.11770
2606.11780
2606.11860
2606.11864
2606.11893
2606.11907
2606.12016
2606.12146
2606.12195
2606.12198
2606.12232
2606.12245
2606.12268
2606.12350
2606.12370
2606.12373
2606.12384
2606.12386
2606.12397
2606.12429
2606.12451
2606.12587
2606.12616
2606.12618
2606.12657
2606.12683
2606.12702
2606.12721
2606.12730
2606.12736
2606.12780
2606.12797
2606.12817
2606.12852
2606.12863
2606.12882
2606.13001
2606.13024
2606.13061
2606.13076
2606.13106
2606.13125
2606.13145
2606.13177
2606.13249
2606.13289
2606.13392
2606.13426
2606.13473
2606.13533
2606.13571
2606.13598
2606.13603
2606.13604
2606.13607
2606.13634
2606.13670
2606.13671
2606.13680
2606.13681
2606.13707
2606.13710
2606.13715
2606.13732
2606.13814
2606.13858
2606.13905
2606.14046
2606.14047
2606.14127
2606.14142
2606.14179
2606.14192
2606.14211
2606.14254
2606.14260
2606.14269
2606.14672
2606.14693
2606.15007
2606.15079
2606.15209
2606.15231
2606.15252
2606.15331
2606.15378
2606.15386
2606.15503
2606.15684
2606.15752
2606.15872
2606.15874
2606.16014
2606.16070
2606.16093
2606.16112
2606.16307
2606.16386
2606.16533
2606.16576
2606.16641
2606.16703
2606.16733
2606.16774
2606.16838
2606.16899
2606.16914
2606.16920
2606.16939
2606.16952
2606.16993
2606.17041
2606.17110
2606.17276
2606.17468
2606.17664
2606.17682
2606.17707
2606.17730
2606.17735
2606.17800
2606.17838
2606.17847
2606.17861
2606.17929
2606.17930
2606.17945
2606.17979
2606.18075
2606.18089
2606.18114
2606.18164
2606.18180
2606.18193
2606.18206
2606.18208
2606.18246
2606.18247
2606.18249
2606.18284
2606.18379
2606.18388
2606.18431
2606.18686
2606.18786
2606.18803
2606.18814
2606.18867
2606.18897
2606.18947
2606.18950
2606.18954
2606.19005
2606.19025
2606.19036
2606.19037
2606.19057
2606.19105
2606.19108
2606.19117
2606.19120
2606.19129
2606.19150
2606.19164
2606.19168
2606.19179
2606.19264
2606.19308
2606.19315
2606.19317
2606.19327
2606.19333
2606.19338
2606.19348
2606.19354
2606.19357
2606.19376
2606.19458
2606.19475
2606.19476
2606.19494
2606.19509
2606.19527
2606.19534
2606.19538
2606.19605
2606.19607
2606.19627
2606.19635
2606.19646
2606.19658
2606.19697
2606.19704
2606.19719
2606.19749
2606.19752
2606.19771
2606.19857
2606.19868
2606.19911
2606.19960
2606.19965
2606.19993
2606.20002
2606.20005
2606.20008
2606.20014
2606.20047
2606.20068
2606.20075
2606.20076
2606.20097
2606.20210
2606.20227
2606.20235
2606.20244
2606.20245
2606.20264
2606.20280
2606.20381
2606.20411
2606.20416
2606.20474
2606.20475
2606.20482
2606.20508
2606.20521
2606.20527
2606.20529
2606.20543
2606.20544
2606.20547
2606.20554
2606.20560
2606.20785
2606.20820
2606.20950
2606.20960
2606.20970
2606.21008
2606.21101
2606.21275
2606.21631
2606.21803
2606.21848
2606.21867
2606.21911
2606.21975
2606.22030
2606.22085
2606.22283
2606.22317
2606.22430
2606.22447
2606.22565
2606.22630
2606.22688
2606.22813
2606.22957
2606.22961
2606.22995
2606.23291
2606.23321
2606.23345
2606.23348
2606.23364
2606.23404
2606.23419
2606.23525
2606.23568
2606.23595
2606.23623
2606.23642
2606.23670
2606.23740
2606.23889
2606.23911
2606.23919
2606.23920
2606.23932
2606.23961
2606.23995
2606.24000
2606.24014
2606.24033
2606.24037
2606.24133
2606.24160
2606.24166
2606.24196
2606.24267
2606.24281
2606.24391
2606.24418
2606.24467
2606.24470
2606.24504
2606.24510
2606.24515
2606.24543
2606.24589
2606.24595
2606.24597
2606.24601
2606.24605
2606.24622
2606.24626
2606.24650
2606.24669
2606.24747
2606.24752
2606.24759
2606.24790
2606.24842
2606.24855
2606.24893
2606.24937
2606.24962
2606.25010
2606.25057
2606.25147
2606.25156
2606.25237
2606.25249
2606.25415
2606.25496
2606.25656
2606.25674
2606.25852
2606.25871
2606.25996
2606.26027
2606.26080
2606.26091
2606.26155
2606.26161
2606.26185
2606.26267
2606.26277
2606.26294
2606.26300
2606.26337
2606.26356
2606.26366
2606.26369
2606.26396
2606.26439
2606.26441
2606.26454
2606.26458
2606.26460
2606.26487
2606.26493
2606.26502
2606.26560
2606.26574
2606.26650
2606.26690
2606.26694
2606.26705
2606.26749
2606.26787
2606.26797
2606.26807
2606.26859
2606.26875
2606.26917
2606.26970
2606.27025
2606.27058
2606.27068
2606.27114
2606.27214
2606.27226
2606.27229
2606.27243
2606.27282
2606.27288
2606.27306
2606.27321
2606.27334
2606.27369
2606.27372
2606.27376
2606.27397
2606.27406
2606.27449
2606.27559
2606.27578
2606.27580
2606.27611
2606.27681
2606.27684
2606.27689
2606.27696
2606.27732
2606.27743
2606.27865
2606.27930
2606.27997
2606.28059
2606.28186
2606.28191
2606.28277
2606.28308
2606.28357
2606.28514
2606.28533
2606.29064
2606.29113
2606.29126
2606.29148
2606.29153
2606.29341
2606.29457
2606.29493
2606.29511
2606.29526
2606.29578
2606.29604
2606.29713
2606.29718
2606.29759
2606.29762
2606.29801
2606.29806
2606.29814
2606.29820
2606.29828
2606.29894
2606.29946
2606.29947
2606.29955
2606.29957
2606.29961
2606.29964
2606.29970
2606.29980
2606.29997
2606.30072
2606.30090
2606.30092
2606.30093
2606.30128
2606.30136
2606.30175
2606.30182
2606.30185
2606.30191
2606.30219
2606.30226
2606.30246
2606.30248
2606.30251
2606.30262
2606.30265
2606.30288
2606.30291
2606.30292
2606.30296
2606.30306
2606.30308
2606.30316
2606.30317
2606.30318
2606.30319
2606.30461
2606.30534
2606.30562
2606.30616
2606.30639
2606.31174
2606.31639
2606.31693
2606.31859
2606.31984
2607.00001
2607.00003
2607.00004
2607.00008
2607.00010
2607.00012
2607.00152
2607.00154
2607.00155
2607.00170
2607.00190
2607.00197
2607.00248
2607.00276
2607.00403
2607.00448
2607.00483
2607.00508
2607.00510
2607.00527
2607.00597
2607.00627
2607.00642
2607.00760
2607.00917
2607.01006
2607.01040
2607.01061
2607.01071
2607.01083
2607.01084
2607.01120
2607.01162
2607.01170
2607.01179
2607.01181
2607.01204
2607.01218
2607.01223
2607.01224
2607.01232
2607.01233
2607.01306
2607.01313
2607.01366
2607.01387
2607.01394
2607.01436
2607.01455
2607.01465
2607.01470
2607.01480
2607.01484
2607.01485
2607.01487
2607.01490
2607.01498
2607.01507
2607.01510
2607.01520
2607.01523
2607.01525
2607.01530
2607.01531
2607.01567
2607.01584
2607.01590
2607.01612
2607.01641
2607.01661
2607.01690
2607.01774
2607.01775
2607.01793
2607.01799
2607.01824
2607.01829
2607.01852
2607.01893
2607.01918
2607.01940
2607.01942
2607.01958
2607.02010
2607.02020
2607.02032
2607.02073
2607.02082
2607.02087
2607.02090
2607.02091
2607.02115
2607.02137
2607.02182
2607.02255
2607.02288
2607.02291
2607.02303
2607.02329
2607.02338
2607.02344
2607.02374
2607.02387
2607.02389
2607.02390
2607.02396
2607.02404
2607.02431
2607.02432
2607.02436
2607.02437
2607.02440
2607.02460
2607.02461
2607.02466
2607.02469
2607.02491
2607.02499
2607.02502
2607.02507
2607.02509
2607.02510
2607.02512
2607.02513
2607.02514
2607.02607
2607.02770
2607.02818
2607.02980
2607.03181
2607.03362
2607.03509
2607.03510
2607.03513
2607.03515
2607.03516
2607.03517
2607.03519
2607.03522
2607.03525
2607.03528
2607.03530
2607.03551
2607.03561
2607.03564
2607.03572
2607.03574
2607.03587
2607.03918
2607.04068
2607.04156
2607.04270
2607.04293
2607.04319
2607.04412
2607.04433
2607.04782
2607.04919
2607.04963
2607.05089
2607.05118
2607.05132
2607.05134
2607.05147
2607.05174
2607.05188
2607.05196
2607.05242
2607.05352
2607.05391
2607.05441
2607.05452
2607.05458
2607.05477
2607.05531
2607.05571
2607.05577
2607.05615
2607.05682
2607.05690
2607.05704
2607.05708
2607.05711
2607.05722
2607.05734
2607.05750
2607.05761
2607.05775
2607.05790
2607.05794
2607.05803
2607.05804
2607.05844
2607.05943
2607.06008
2607.06291
2607.06401
2607.06494
2607.06503
2607.06504
2607.06514
2607.06519
2607.06523
2607.06577
2607.06649
2607.06701
2607.06854
2607.06973
2607.06974
2607.06979
2607.07026
2607.07108
2607.07144
2607.07178
2607.07184
2607.07318
2607.07380
2607.07386
2607.07409
2607.07422
2607.07467
2607.07478
2607.07492
2607.07498
2607.07508
2607.07534
2607.07548
2607.07557
2607.07626
2607.07646
2607.07663
2607.07665
2607.07670
2607.07674
2607.07678
2607.07690
2607.07693
2607.07695
2607.07702
2607.07706
2607.07707
2607.07708
2607.07719
2607.07724
2607.07761
2607.07766
2607.07859
2607.07897
2607.07916
2607.07953
2607.07984
2607.08011
2607.08012
2607.08032
2607.08057
2607.08065
2607.08066
2607.08071
2607.08093
2607.08107
2607.08124
2607.08173
2607.08186
2607.08193
2607.08202
2607.08365
2607.08403
2607.08434
2607.08466
2607.08561
2607.08572
2607.08662
2607.08665
2607.08690
2607.08691
2607.08716
2607.08724
2607.08733
2607.08734
2607.08741
2607.08745
2607.08746
2607.08754
2607.08758
2607.08763
2607.08774
2607.08780
2607.08894
2607.08964
2607.08984
2607.09024
2607.09076
2607.09095
2607.09175
2607.09287
2607.09403
2607.09474
2607.09492
2607.09493
2607.09502
2607.09540
2607.09586
2607.09600
2607.09657
2607.09696
2607.09715
2607.09971
2607.09988
2607.09993
2607.10028
2607.10103
2607.10113
2607.10239
2607.10309
2607.10383
2607.10541
2607.10569
2607.10696
2607.10814
2607.10910
2607.10915
2607.11030
2607.11326
2607.11354
2607.11388
2607.11392
2607.11486
2607.11501
2607.11594
2607.11699
2607.11738
2607.11752
2607.11945
2607.12040
2607.12097
2607.12236
2607.12257
2607.12277
2607.12281
2607.12385
2607.12392
2607.12397
2607.12406
2607.12422
2607.12425
2607.12463
2607.12474
2607.12578
2607.12592
2607.12621
2607.12714
2607.12733
2607.12747
2607.12767
2607.12829
2607.12857
2607.12893
2607.12931
2607.12945
2607.13007
2607.13028
2607.13034
2607.13104
2607.13172
2607.13292
2607.13328
2607.13398
2607.13418
2607.13420
2607.13454
2607.13501
2607.13728
2607.13854
2607.13884
2607.13921
2607.13940
2607.14004
2607.14035
2607.14076
2607.14161
2607.14169
2607.14192
2607.14199
2607.14200
2607.14331
2607.14408
2607.14418
2607.14480
2607.14530
2607.14536
2607.14541
2607.14604
2607.14618
2607.14777
2607.14865
2607.14890
2607.14892
2607.14952
2607.14981
2607.14989
2607.15105
2607.15114
2607.15142
2607.15224
2607.15232
2607.15242
2607.15247
2607.15257
2607.15277
2607.15281
2607.15456
2607.15459
2607.15495
2607.15498
2607.15509
2607.15516
2607.15524
2607.15525
2607.15550
2607.15555
2607.15563
2607.15576
2607.15590
2607.15591
2607.15606
2607.15655
2607.15660
2607.15686
2607.15696
2607.15730
2607.15776
2607.15879
2607.15901
2607.16051
2607.16090
2607.16097
2607.16112
2607.16131
2607.16169
2607.16177
2607.16184
2607.16200
2607.16339
2607.16586
2607.16602
2607.16858
2607.17017
2607.17140
2607.17184
2607.17247
2607.17250
2607.17281
2607.17473
2607.17476
2607.17543
2607.17560
2607.17707
2607.17715
2607.17882
2607.17924
2607.18026
2607.18027
2607.18056
2607.18063
2607.18100
2607.18115
2607.18296
2607.18367
2607.18506
2607.18600
2607.18609
2607.18618
2607.18712
2607.18719
2607.18722
2607.18756
2607.18786
2607.18796
2607.18899
2607.18966
2607.18979
2607.19096
2607.19098
2607.19189
2607.19191
2607.19215
2607.19232
2607.19300
2607.19321
2607.19331
2607.19336
2607.19338
2607.19339
2607.19345
2607.19349
2607.19351
2607.19354
2607.19355
2607.19356
2607.19357
2607.19358
2607.19359
2607.19363
2607.19369
2607.19399
2607.19450
2607.19523
2607.19616
2607.19670
2607.19704
2607.19739
2607.19749
2607.19802
2607.19928
2607.19987
2607.20129
2607.20228
2607.20268
2607.20402
2607.20458
2607.20468
2607.20528
2607.20709
2607.20734
2607.20737
2607.20834
2607.20863
2607.20864
2607.20873
2607.20908
2607.20938
2607.20950
2607.20952
2607.20957
2607.20982
2607.20999
2607.21000
2607.21028
2607.21101
2607.21106
2607.21120
2607.21195
2607.21231
2607.21273
2607.21290
2607.21291
2607.21306
2607.21356
2607.21366
2607.21404
2607.21419
2607.21433
2607.21446
2607.21453
2607.21458
2607.21461
2607.21475
2607.21503
2607.21519
2607.21535
2607.21552
2607.21557
2607.21558
2607.21585
2607.21594
2607.21596
2607.21600
2607.21604
2607.21609
2607.21612
2607.21616
2607.21617
2607.21627
2607.21642
2607.21653
2607.21731
2607.21735
2607.21752
2607.21951
2607.21993
2607.22067
2607.22165
2607.22182
2607.22188
2607.22341
2607.22368
2607.22518
2607.22529
2607.22642
2607.22732
2607.22739
2607.22841
2607.22925
2607.23006
2607.23026
2607.23038
2607.23561
2607.23718
2607.23762
2607.23802
2607.23938
2607.23993
2607.24015
2607.24232
2607.24255
2607.24402
2607.24439
2607.24485
2607.24567
2607.24610
2607.24617
2607.24653
2607.24663
2607.24749
2607.24758
2607.24759
2607.24762
2607.24763
2607.24764
2607.24766
2607.24769
2607.24772
2607.24779
2607.24780
2607.24782
2607.24787
2607.24788
2607.24804
2607.24822
2607.24845
2607.24862
2607.24865
2607.24869
2607.24900
2607.25010
2607.25068
2607.25082
2607.25097
2607.25110
2607.25123
2607.25209
2607.25216
2607.25233
2607.25253
2607.25268
2607.25271
2607.25308
2607.25329
2607.25339
2607.25344
2607.25346
2607.25357
2607.25366
2607.25380
2607.25398
2607.25404
2607.25425
2607.25446
2607.25471
2607.25514
2607.25537
2607.25590
2607.25655
2607.25659
2607.25675
2607.25726
2607.25816
2607.25823
2607.25835
2607.25853
2607.25857
2607.25877
2607.25891
2607.25904
2607.25907
2607.25915
2607.25921
2607.25948
2607.26034
2607.26041
2607.26067
2607.26073
2607.26074
2607.26094
2607.26102
2607.26115
2607.26117
2607.26119
2607.26120
2607.26159
2607.26173
2607.26179
2607.26191
2607.26246
2607.26253
2607.26348
2607.26358
2607.26365
2607.26369
2607.26385
2607.26389
2607.26393
2607.26418
2607.26427
2607.26429
2607.26470
2607.26497
2607.26500
2607.26509
2607.26515
2607.26571
2607.26587
2607.26593
2607.26598
2607.26599
2607.26621
2607.26643
2607.26654
2607.26712
2607.26720
2607.26722
2607.26754
2607.26773
2607.26784
2607.26828
2607.26832
2607.26845
2607.26860
2607.26862
2607.26893
2607.26922
2607.26946
2607.27002
2607.27011
2607.27035
2607.27055
2607.27083
2607.27090
2607.27172
2607.27178
2607.27191
2607.27203
2607.27265
2607.27269
2607.27309
2607.27475
2607.27536
2607.27574
2607.27577
2607.27591
2607.27600
2607.27631
2607.27647
2607.27652
2607.27656
2607.27682
2607.27686
2607.27692
2607.27735
2607.27744
2607.27760
2607.27766
2607.27770
2607.27773
2607.27783
2607.27787
2607.27789
2607.27834
2607.27845
2607.27853
2607.27888
2607.27919
2607.27944
2607.27973
2607.28008
2607.28019
2607.28022
2607.28026
2607.28033
2607.28037
2607.28048
2607.28055
2607.28069
2607.28070
2607.28074
2607.28076
2607.28077
2607.28097
2607.28103
2607.28109
2607.28126
2607.28127
2607.28137
2607.28146
2607.28156
2607.28182
2607.28196
2607.28227
2607.28263
2607.28272
2607.28287
2607.28292
2607.28301
2607.28308
2607.28317
2607.28342
2607.28362
2607.28367
2607.28374
2607.28384
2607.28390
2607.28397
2607.28399
2607.28408
2607.28410
2607.28418
2607.28430
2607.28449
2607.28457
2607.28495
2607.28496
2607.28498
2607.28520
2607.28527
2607.28545
2607.28568
2607.28576
2607.28582
2607.28591
2607.28607
2607.28609
2607.28617
2607.28624
2607.28627
2607.28632
2607.28633
2607.28636
2607.28638
2607.28640
2607.28641
2607.28642
2607.28657
2607.28659
2607.28669
2607.28670
2607.28674
2607.28678
2607.28685
2607.28692
2607.28707
2607.28737
2607.28788
2607.28802
2607.28815
2607.28818
2607.28848
2607.28879
2607.28881
2607.28895
2607.28906
2607.28908
2607.28916
2607.28925
2607.28940
2607.28942
2607.28956
2607.28957
2607.28966
2607.28971
2607.28979
2607.28990
2607.28997
2607.29000
2607.29002
2607.29010
2607.29019
2607.29032
2607.29055
2607.29062
2607.29065
2607.29078
2607.29087
2607.29104
2607.29125
2607.29133
2607.29177
2607.29181
2607.29185
2607.29190
2607.29209
2607.29211
2607.29213
2607.29218
2607.29241
2607.29246
2607.29250
2607.29252
2607.29254
2607.29274
2607.29287
2607.29300
2607.29320
2607.29377
2607.29378
2607.29398
2607.29402
2607.29405
2607.29433
2607.29440
2607.29460
2607.29468
2607.29494
2607.29496
2607.29559
2607.29577
2607.29591
2607.29593
2607.29606
2607.29613
2607.29626
2607.29678
2608.00102
2608.00123
2608.00146
2608.00229
2608.00267
2608.00316
2608.00326
2608.00339
2608.00669
2608.00750
2608.00816
2608.00860
2608.00881
2608.00915
2608.00916
2608.00938
2608.01069
2608.01127
2608.01193
2608.01260
2608.01285
2608.01315
2608.01406
2608.01425
2608.01591
2608.01652
2608.01662
2608.01718
2608.01731
2608.01732
2608.01743
2608.01822
2608.01835
2608.01837
2608.01868
2608.01889
2608.01891
2608.01913
2608.01949
2608.01964
2608.02005
2608.02009
2608.02011
2608.02026
2608.02032
2608.02048
2608.02089
2608.02097
2608.02113
2608.02139
2608.02148
2608.02149
2608.02238
2608.02379
2608.02437
2608.02446
2608.02479
2608.02548
2608.02604
2608.02625
2608.02635
2608.02650
2608.02703
2608.02738
2608.02751
2608.02827
2608.02880
2608.02969
2608.03020
2608.03048
2608.03063
2608.03069
2608.03076
2608.03091
2608.03117
2608.03119
2608.03217
2608.03223
2608.03294
2608.03382
2608.03392
2608.03401
2608.03416
2608.03420
2608.03425
2608.03457
2608.03487
2608.03502
2608.03527
2608.03550
2608.03569
2608.03573
2608.03644
2608.03647
2608.03692
2608.03705
2608.03764
2608.03860
2608.03874
2608.03899
2608.03930
2608.03958
2608.03972
2608.03994
2608.04001
2608.04007
2608.04008
2608.04009
2608.04010
2608.04012
2608.04020
2608.04037
2608.04074
2608.04144
2608.04149
2608.04160
2608.04205
2608.04240
2608.04274
2608.04318
2608.04337
2608.04405
2608.04407
2608.04415
2608.04419
2608.04421
2608.04432
2608.04455
2608.04458
2608.04482
2608.04502
2608.04507
2608.04562
2608.04565
2608.04570
2608.04574
2608.04605
2608.04609
2608.04625
2608.04653
2608.04663
2608.04678
2608.04714
2608.04719
2608.04735
2608.04738
2608.04746
2608.04771
2608.04788
2608.04807
2608.04809
2608.04830
2608.04843
2608.04899
2608.04962
2608.04964
2608.04975
2608.05000
2608.05013
2608.05030
2608.05031
2608.05086
2608.05095
2608.05102
2608.05139
2608.05141
2608.05144
2608.05148
2608.05150
2608.05152
2608.05188
2608.05200
2608.05204
2608.05206
2608.05212
2608.05235
2608.05245
2608.05246
2608.05248
2608.05254
2608.05263
2608.05326
2608.05327
2608.05402
2608.05422
2608.05446
2608.05448
2608.05467
2608.05475
2608.05479
2608.05497
2608.05519
2608.05541
2608.05543
2608.05558
2608.05571
2608.05600
2608.05604
2608.05624
2608.05643
2608.05655
2608.05660
2608.05687
2608.05695
2608.05742
2608.05791
2608.05802
2608.05803
2608.05806
2608.05810
2608.05813
2608.05872
2608.05886
2608.05944
2608.05948
2608.05949
2608.05954
2608.05956
2608.05959
2608.05987
2608.06057
2608.06068
2608.06069
2608.06111
2608.06128
2608.06197
2608.06213
2608.06223
2608.06241
2608.06243
2608.06257
2608.06296
2608.06305
2608.06310
2608.06325
2608.06346
2608.06353
2608.06362
2608.06370
2608.06377
2608.06380
2608.06394
2608.06396
2608.06398
2608.06400
2608.06410
2608.06411
2608.06422
2608.06445
2608.06471
2608.06474
2608.06477
2608.06485
2608.06544
2608.06557
2608.06578
2608.06595
2608.06607
2608.06609
2608.06621
2608.06630
2608.06632
2608.06659
2608.06663
2608.06665
2608.06667
2608.06690
2608.06692
2608.06694
2608.06701
2608.06702
2608.06704
2608.06706
2608.06707
2608.06713
2608.06714
2608.06724
2608.06730
2608.06735
2608.06741
2608.06745
2608.06748
2608.06750
2608.06752
2608.06763
2608.06765
2608.06770
2608.06776
2608.06783
2608.06790
2608.06792
2608.06796
2608.06802
2608.06811
2608.06813
2608.06817
2608.06818
2608.06819
2608.06824
2608.06835
2608.06838
2608.06840
2608.06849
2608.06856
2608.06861
2608.06862
2608.06870
2608.06880
2608.06899
2608.06900
2608.06907
2608.06909
2608.06912
2608.06920
2608.06922
2608.06928
2608.06933
2608.06934
2608.06940
2608.06948
2608.06951
2608.06953
2608.06958
2608.06959
2608.06961
2608.06962
2608.06967
2608.06971
2608.06973
2608.06975
2608.06980
2608.06984
2608.06993
2608.06997
2608.07000
2608.07001
2608.07003
2608.07019
2608.07024
2608.07025
2608.07027
2608.07028
2608.07035
2608.07036
2608.07037
2608.07038
2608.07055
2608.07056
2608.07062
2608.07067
2608.07068
2608.07069
2608.07077
2608.07103
2608.07107
2608.07110
2608.07118
2608.07147
2608.07152
2608.07167
2608.07169
2608.07196
2608.07213
2608.07222
2608.07224
2608.07228
2608.07261
2608.07280
2608.07303
2608.07323
2608.07333
2608.07335
2608.07341
2608.07371
2608.07383
2608.07400
2608.07408
2608.07418
2608.07419
2608.07420
2608.07424
2608.07429
2608.07435
2608.07436
2608.07437
2608.07449
2608.07457
2608.07458
2608.07460
2608.07500
2608.07816
2608.07825
2608.07968
2608.07989
2608.08130
2608.08131
2608.08158
2608.08160
2608.08255
2608.08303
2608.08311
2608.08382
2608.08395
2608.08466
2608.08486
2608.08536
2608.08583
2608.08600
2608.08627
2608.08650
2608.08675
2608.08677
2608.08684
2608.08726
2608.08788
2608.08825
2608.08878
2608.08888
2608.08889
2608.08968
2608.08982
2608.08995
2608.09000
2608.09016
2608.09036
2608.09055
2608.09068
2608.09123
2608.09128
2608.09132
2608.09156
2608.09160
2608.09184
2608.09217
2608.09225
2608.09228
2608.09253
2608.09256
2608.09263
2608.09271
2608.09290
2608.09296
2608.09298
2608.09324
2608.09351
2608.09389
2608.09408
2608.09412
2608.09424
2608.09440
2608.09449
2608.09468
2608.09501
2608.09521
2608.09537
2608.09574
2608.09586
2608.09605
2608.09624
2608.09638
2608.09703
2608.09706
2608.09745
2608.09780
2608.09799
2608.09802
2608.09805
2608.09826
2608.09836
2608.09848
2608.09867
2608.09888
2608.09894
2608.09898
2608.09902
2608.09926
2608.09928
2608.09930
2608.09939
2608.09949
2608.09954
2608.10008
2608.10021
2608.10030
2608.10090
2608.10108
2608.10120
2608.10145
2608.10149
2608.10157
2608.10182
2608.10187
2608.10214
2608.10218
2608.10224
2608.10232
2608.10237
2608.10240
2608.10247
2608.10251
2608.10257
2608.10258
2608.10260
2608.10262
2608.10296
2608.10297
2608.10299
2608.10324
2608.10325
2608.10333
2608.10357
2608.10362
2608.10373
2608.10392
2608.10397
2608.10402
2608.10430
2608.10433
2608.10439
2608.10441
2608.10444
2608.10447
2608.10475
2608.10499
2608.10502
2608.10504
2608.10545
2608.10553
2608.10562
2608.10572
2608.10605
2608.10621
2608.10665
2608.10669
2608.10700
2608.10729
2608.10775
2608.10812
2608.10818
2608.10823
2608.10835
2608.10905
2608.10906
2608.10928
2608.10929
2608.10934
2608.10983
2608.11015
2608.11025
2608.11027
2608.11045
2608.11052
2608.11079
2608.11095
2608.11114
2608.11152
2608.11190
2608.11191
2608.11197
2608.11200
2608.11207
2608.11208
2608.11215
2608.11216
2608.11231
2608.11241
2608.11248
2608.11250
2608.11327
2608.11342
2608.11343
2608.11350
2608.11351
2608.11354
2608.11357
2608.11368
2608.11390
2608.11403
2608.11408
2608.11415
2608.11493
2608.11495
2608.11499
2608.11521
2608.11539
2608.11573
2608.11583
2608.11593
2608.11601
2608.11604
2608.11605
2608.11623
2608.11654
2608.11657
2608.11658
2608.11669
2608.11674
2608.11675
2608.11682
2608.11683
2608.11698
2608.11735
2608.11775
2608.11797
2608.11829
2608.11846
2608.11859
2608.11879
2608.11888
2608.11909
2608.11912
2608.11919
2608.11922
2608.11949
2608.11973
2608.11980
2608.12036
2608.12049
2608.12078
2608.12097
2608.12121
2608.12125
2608.12138
2608.12146
2608.12149
2608.12150
2608.12184
2608.12195
2608.12216
2608.12251
2608.12253
2608.12282
2608.12307
2608.12308
2608.12325
2608.12331
2608.12336
2608.12337
2608.12349
2608.12377
2608.12385
2608.12389
2608.12395
2608.12419
2608.12426
2608.12428
2608.12429
2608.12435
2608.12443
2608.12486
2608.12489
2608.12522
2608.12532
2608.12534
2608.12538
2608.12547
2608.12558
2608.12564
2608.12569
2608.12570
2608.12574
2608.12576
2608.12587
2608.12589
2608.12592
2608.12593
2608.12610
2608.12626
2608.12630
2608.12674
2608.12679
2608.12680
2608.12700
2608.12719
2608.12720
2608.12741
2608.12743
2608.12753
2608.12764
2608.12778
2608.12779
2608.12788
2608.12812
2608.12820
2608.12831
2608.12841
2608.12842
2608.12845
2608.12847
2608.12851
2608.12860
2608.12875
2608.12888
2608.12895
2608.12912
2608.12921
2608.12926
2608.12939
2608.12953
2608.12957
2608.12959
2608.12973
2608.12975
2608.12984
2608.12986
2608.12987
2608.12990
2608.12995
2608.13001
2608.13004
2608.13006
2608.13010
2608.13026
2608.13040
2608.13043
2608.13049
2608.13057
2608.13060
2608.13076
2608.13082
2608.13085
2608.13087
2608.13096
2608.13103
2608.13120
2608.13129
2608.13136
2608.13156
2608.13173
2608.13179
2608.13188
2608.13200
2608.13221
2608.13237
2608.13262
2608.13263
2608.13277
2608.13297
2608.13315
2608.13317
2608.13328
2608.13331
2608.13334
2608.13335
2608.13345
2608.13365
2608.13384
2608.13387
2608.13389
2608.13409
2608.13410
2608.13417
2608.13420
2608.13426
2608.13428
2608.13430
2608.13433
2608.13438
2608.13456
2608.13459
2608.13461
2608.13463
2608.13465
2608.13476
2608.13482
2608.13484
2608.13489
2608.13492
2608.13505
2608.13515
2608.13517
2608.13520
2608.13522
2608.13524
2608.13538
2608.13545
2608.13546
2608.13547
2608.13552
2608.13554
2608.13556
2608.13558
2608.13560
2608.13675
2608.13721
2608.13787
2608.13833
2608.13844
2608.13966
2608.13990
2608.14011
2608.14016
2608.14021
2608.14022
2608.14026
2608.14036
2608.14068
2608.14106
2608.14109
2608.14114
2608.14125
2608.14135
2608.14161
2608.14205
2608.14290
2608.14339
2608.14377
2608.14380
2608.14429
2608.14430
2608.14490
2608.14530
2608.14851
2608.14977
2608.14982
2608.15071
2608.15085
2608.15146
2608.15372
2608.15429
2608.15546
2608.15567
2608.15654
2608.15662
2608.15700
2608.15768
2608.15780
2608.15868
2608.15943
2608.15949
2608.15958
2608.16004
2608.16073
2608.16075
2608.16182
2608.16195
2608.16196
2608.16249
2608.16274
2608.16333
2608.16407
2608.16585
2608.16587
2608.16620
2608.16682
2608.16704
2608.16739
2608.16797
2608.16831
2608.16844
2608.16872
2608.16888
2608.16919
2608.16957
2608.17173
2608.17253
2608.17282
2608.17289
2608.17310
2608.17316
2608.17319
2608.17336
2608.17347
2608.17373
2608.17393
2608.17411
2608.17417
2608.17471
2608.17499
2608.17528
2608.17530
2608.17534
2608.17587
2608.17613
2608.17616
2608.17638
2608.17644
2608.17687
2608.17695
2608.17754
2608.17776
2608.17800
2608.17941
2608.17947
2608.17959
2608.17981
2608.18008
2608.18027
2608.18061
2608.18066
2608.18067
2608.18114
2608.18171
2608.18261
2608.18265
2608.18300
2608.18307
2608.18322
2608.18352
2608.18355
2608.18423
2608.18469
2608.18486
2608.18504
2608.18574
2608.18575
2608.18606
2608.18631
2608.18637
2608.18656
2608.18669
2608.18682
2608.18723
2608.18746
2608.18764
2608.18779
2608.18827
2608.18849
2608.18855
2608.18884
2608.18931
2608.18952
2608.19013
2608.19047
2608.19072
2608.19098
2608.19161
2608.19181
2608.19197
2608.19388
2608.19408
2608.19529
2608.19556
2608.19564
2608.19583
2608.19595
2608.19644
2608.19652
2608.19653
2608.19662
2608.19665
2608.19669
2608.19670
2608.19677
2608.19701
2608.19735
2608.19741
2608.19746
2608.19748
2608.19751
2608.19758
2608.19760
2608.19799
2608.19803
2608.19833
2608.19842
2608.19854
2608.19861
2608.19880
2608.19901
2608.19974
2608.19993
2608.19998
2608.20011
2608.20016
2608.20055
2608.20061
2608.20065
2608.20099
2608.20123
2608.20134
2608.20169
2608.20202
2608.20210
2608.20256
2608.20274
2608.20281
2608.20290
2608.20314
2608.20316
2608.20317
2608.20318
2608.20319
2608.20331
2608.20401
2608.20430
2608.20564
2608.20627
2608.20634
2608.20640
2608.20707
2608.20766
2608.20801
2608.20844
2608.20845
2608.20886
2608.20936
2608.20953
2608.21012
2608.21075
2608.21114
2608.21156
2608.21202
2608.21243
2608.21259
2608.21265
2608.21274
2608.21296
2608.21348
2608.21398
2608.21439
2608.21494
2608.21501
2608.21641
2608.21662
2608.21702
2608.21766
2608.21833
2608.21871
2608.21877
2608.21939
2608.21946
2608.21952
2608.21995
2608.22022
2608.22234
2608.22237
2608.22533
2608.22557
2608.22734
2608.22751
2608.22752
2608.22840
2608.22854
2608.22869
2608.22898
2608.22920
2608.22973
2608.22979
2608.23041
2608.23070
2608.23078
2608.23131
2608.23154
2608.23167
2608.23252
2608.23283
2608.23311
2608.23318
2608.23356
2608.23370
2608.23392
2608.23400
2608.23416
2608.23435
2608.23484
2608.23493
2608.23497
2608.23541
2608.23552
2608.23565
2608.23566
2608.23632
2608.23664
2608.23867
2608.24024
2608.24034
2608.24040
2608.24053
2608.24076
2608.24079
2608.24091
2608.24114
2608.24132
2608.24176
2608.24192
2608.24214
2608.24295
2608.24363
2608.24467
2608.24571
2608.24680
2608.24691
2608.24731
2608.24815
2608.24870
2608.24893
2608.24949
2608.25037
2608.25104
2608.25115
2608.25198
2608.25246
2608.25261
2608.25267
2608.25318
2608.25329
2608.25343
2608.25370
2608.25381
2608.25429
2608.25460
2608.25500
2608.25518
2608.25521
2608.25528
2608.25546
2608.25553
2608.25572
2608.25635
2608.25737
2608.25755
2608.25773
2608.25775
2608.25780
2608.25832
2608.25871
2608.25917
2608.25920
2608.25927
2608.25942
2608.25992
2608.26004
2608.26103
2608.26130
2608.26190
2608.26194
2608.26200
2608.26225
2608.26235
2608.26238
2608.26239
2608.26263
2608.26379
2608.26410
2608.26445
2608.26469
2608.26480
2608.26481
2608.26530
2608.26539
2608.26550
2608.26579
2608.26626
2608.26650
2608.26658
2608.26659
2608.26661
2608.26683
2608.26701
2608.26728
2608.26730
2608.26762
2608.26788
2608.26804
2608.26849
2608.26867
2608.26895
2608.26896
2608.26947
2608.26950
2608.26983
2608.26990
2608.26991
2608.27005
2608.27006
2608.27017
2608.27032
2608.2704
2608.27044
2608.27046
2608.27073
2608.27086
2608.27115
2608.27127
2608.27128
2608.27142
2608.27146
2608.27147
2608.27150
2608.27161
2608.27165
2608.27167
2608.27168
2608.27182
2608.27241
2608.27259
2608.27260
2608.27265
2608.27268
2608.27287
2608.27296
2608.27300
2608.27311
2608.27313
2608.27328
2608.27338
2608.27339
2608.27340
2608.27345
2608.27347
2608.27348
2608.27351
2608.27366
2608.27367
2608.27370
2608.27380
2608.27382
2608.27391
2608.27394
2608.27395
2608.27402
2608.27406
2608.27409
2608.27413
2608.27417
2608.27419
2608.27420
2608.27422
2608.27427
2608.27428
2608.27439
2608.27442
2608.27448
2608.27449
2608.2745
2608.27454
2608.27455
2608.27456
2608.27460
2608.27506
2608.27508
2608.27514
2608.27536
2608.27549
2608.27629
2608.27631
2608.27663
2608.27672
2608.27723
2608.27729
2608.27746
2608.27757
2608.27796
2608.27797
2608.27808
2608.27809
2608.27826
2608.27840
2608.27857
2608.27882
2608.27893
2608.27902
2608.27910
2608.27912
2608.27945
2608.27950
2608.27953
2608.27960
2608.27980
2608.27982
2608.27985
2608.27991
2608.27992
2608.28008
2608.28027
2608.28044
2608.28065
2608.28099
2608.28102
2608.28128
2608.28150
2608.28158
2608.28199
2608.28241
2608.28276
2608.28306
2608.28308
2608.28334
2608.28359
2608.28364
2608.28393
2608.28399
2608.28421
2608.28447
2608.28458
2608.28482
2608.28491
2608.28503
2608.28549
2608.28555
2608.28567
2608.28572
2608.28589
2608.28649
2608.28729
2608.28884
2608.28945
2608.28977
2608.29179
2608.29197
2608.29340
2608.29539
2608.29563
2608.29652
2608.29715
2608.29748
2608.29835
2608.29846
2608.29860
2608.29910
2608.29926
2608.29978
2608.29998
2608.30023
2608.30056
2608.30067
2608.30135
2608.30147
2608.30165
2608.30181
2608.30237
2608.30251
2608.30252
2608.30255
2608.30295
2608.30310
2608.30320
2608.30322
2608.30343
2608.30386
2608.30399
2608.30427
2608.30437
2608.30449
2608.30462
2608.30466
2608.30468
2608.30479
2608.30528
2608.30530
2608.30606
2608.30627
2608.30632
2608.30635
2608.30653
2608.30662
2608.30692
2608.30695
2608.30716
2608.30762
2608.30819
2608.30897
2608.30948
2608.30952
2608.30968
2608.30980
2608.31046
2608.31077
2608.31100
2608.31166
2609.00002
2609.00048
2609.00058
2609.00061
2609.00066
2609.00086
2609.00097
2609.00161
2609.00165
2609.00188
2609.00196
2609.00224
2609.00237
2609.00248
2609.00251
2609.00275
2609.00313
2609.00323
2609.00407
2609.00450
2609.00474
2609.00491
2609.00504
2609.00527
2609.00568
2609.00575
2609.00579
2609.00581
2609.00610
2609.00618
2609.00638
2609.00728
2609.00791
2609.00844
2609.00885
2609.00891
2609.00892
2609.00913
2609.00918
2609.00986
2609.00996
2609.01004
2609.01024
2609.01038
2609.01043
2609.01045
2609.01056
2609.01057
2609.01058
2609.01067
2609.01139
2609.01167
2609.01182
2609.01195
2609.01240
2609.01244
2609.01245
2609.01274
2609.01294
2609.01316
2609.01343
2609.01354
2609.01374
2609.01422
2609.01449
2609.01456
2609.01481
2609.01491
2609.01532
2609.01549
2609.01552
2609.01560
2609.01567
2609.01591
2609.01595
2609.01597
2609.01603
2609.01619
2609.01622
2609.01627
2609.01628
2609.01642
2609.01652
2609.01655
2609.01838
2609.01895
2609.02062
2609.02093
2609.02094
2609.02108
2609.02129
2609.02152
2609.02162
2609.02170
2609.02264
2609.02275
2609.02316
2609.02459
2609.02468
2609.02499
2609.02553
2609.02620
2609.02639
2609.02671
2609.02716
2609.02730
2609.02737
2609.02750
2609.02783
2609.02812
2609.02849
2609.02886
2609.02889
2609.02897
2609.02899
2609.02902
2609.02928
2609.02931
2609.02942
2609.02959
2609.02986
2609.02998
2609.03003
2609.03035
2609.03067
2609.03079
2609.03122
2609.03150
2609.03153
2609.03169
2609.03181
2609.03235
2609.03236
2609.03241
2609.03290
2609.03311
2609.03313
2609.03338
2609.03340
2609.03342
2609.03369
2609.03376
2609.03379
2609.03383
2609.03407
2609.03416
2609.03422
2609.03426
2609.03427
2609.03430
2609.03438
2609.03474
2609.03482
2609.03493
2609.03494
2609.03515
2609.03522
2609.03554
2609.03557
2609.03588
2609.03633
2609.03660
2609.03667
2609.03673
2609.03674
2609.03753
2609.03774
2609.03781
2609.03796
2609.03807
2609.03834
2609.03846
2609.03871
2609.03880
2609.03915
2609.03937
2609.03941
2609.03949
2609.04010
2609.04047
2609.04063
2609.04083
2609.04094
2609.04098
2609.04105
2609.04108
2609.04113
2609.04127
2609.04128
2609.04141
2609.04148
2609.04159
2609.04166
2609.04167
2609.04170
2609.04172
2609.04177
2609.04180
2609.04189
2609.04194
2609.04196
2609.04197
2609.04198
2609.04199
2609.04217
2609.04255
2609.04270
2609.04280
2609.04290
2609.04298
2609.04303
2609.04344
2609.04373
2609.04384
2609.04394
2609.04396
2609.04417
2609.04434
2609.04438
2609.04452
2609.04463
2609.04489
2609.04490
2609.04497
2609.04518
2609.04526
2609.04531
2609.04537
2609.04540
2609.04556
2609.04565
2609.04574
2609.04575
2609.04582
2609.04611
2609.04645
2609.04647
2609.04648
2609.04651
2609.04661
2609.04665
2609.04714
2609.04715
2609.04721
2609.04735
2609.04738
2609.04753
2609.04773
2609.04779
2609.04797
2609.04803
2609.04806
2609.04813
2609.04819
2609.04840
2609.04852
2609.04862
2609.04865
2609.04869
2609.04870
2609.04871
2609.04875
2609.04880
2609.04881
2609.04882
2609.04894
2609.04895
2609.04898
2609.04911
2609.04915
2609.04961
2609.04963
2609.04971
2609.04981
2609.05016
2609.05019
2609.05059
2609.05063
2609.05079
2609.05081
2609.05093
2609.05110
2609.05111
2609.05125
2609.05132
2609.05136
2609.05141
2609.05150
2609.05152
2609.05191
2609.05194
2609.05198
2609.05221
2609.05227
2609.05228
2609.05232
2609.05235
2609.05261
2609.05274
2609.05275
2609.05279
2609.05284
2609.05295
2609.05298
2609.05309
2609.05310
2609.05318
2609.05339
2609.05363
2609.05374
2609.05395
2609.05401
2609.05403
2609.05405
2609.05444
2609.05459
2609.05462
2609.05499
2609.05708
2609.05748
2609.05834
2609.05840
2609.05897
2609.05902
2609.05909
2609.05948
2609.05961
2609.05988
2609.06003
2609.06019
2609.06031
2609.06054
2609.06061
2609.06076
2609.06088
2609.06102
2609.06117
2609.06128
2609.06140
2609.06155
2609.06169
2609.06178
2609.0618
2609.06219
2609.06282
2609.06421
2609.06469
2609.06479
2609.06563
2609.06586
2609.06641
2609.06702
2609.06816
2609.06953
2609.06964
2609.07062
2609.07086
2609.07136
2609.07143
2609.07206
2609.07273
2609.07276
2609.07478
2609.07539
2609.07549
2609.07816
2609.07876
2609.07943
2609.07965
2609.08001
2609.08009
2609.08033
2609.08149
2609.08162
2609.08185
2609.08228
2609.08248
2609.08310
2609.08358
2609.08366
2609.08443
2609.08472
2609.08505
2609.08529
2609.08642
2609.08677
2609.08725
2609.08762
2609.08798
2609.08823
2609.08829
2609.08860
2609.08887
2609.08901
2609.08936
2609.08941
2609.08943
2609.08954
2609.09059
2609.09094
2609.09150
2609.09153
2609.09157
2609.09163
2609.09187
2609.09195
2609.09219
2609.09418
2609.09448
2609.09466
2609.09468
2609.09646
2609.09664
2609.09685
2609.09703
2609.09707
2609.09764
2609.09768
2609.09815
2609.09878
2609.09883
2609.09899
2609.09928
2609.09957
2609.09981
2609.10046
2609.10155
2609.10225
2609.10237
2609.10239
2609.10263
2609.10264
2609.10315
2609.10372
2609.10410
2609.10413
2609.10430
2609.10439
2609.10441
2609.10451
2609.10464
2609.10484
2609.10493
2609.10540
2609.10557
2609.10657
2609.10712
2609.10715
2609.10724
2609.10750
2609.10781
2609.10817
2609.10856
2609.10862
2609.10866
2609.10895
2609.10901
2609.10922
2609.10964
2609.10993
2609.10996
2609.11018
2609.11020
2609.11028
2609.11029
2609.11030
2609.11042
2609.11052
2609.11061
2609.11067
2609.11085
2609.11108
2609.11115
2609.11127
2609.11133
2609.11135
2609.11146
2609.11149
2609.11152
2609.11155
2609.11163
2609.11190
2609.11192
2609.11206
2609.11209
2609.11234
2609.11243
2609.11253
2609.11274
2609.11282
2609.11291
2609.11294
2609.11314
2609.11315
2609.11318
2609.11319
2609.11390
2609.11393
2609.11414
2609.11460
2609.11478
2609.11489
2609.11490
2609.11498
2609.11499
2609.11532
2609.11538
2609.11548
2609.11567
2609.11572
2609.11580
2609.11607
2609.11632
2609.11636
2609.11638
2609.11639
2609.11646
2609.11648
2609.11655
2609.11682
2609.11687
2609.11699
2609.11709
2609.11716
2609.11728
2609.11737
2609.11739
2609.11744
2609.11752
2609.11758
2609.11768
2609.11801
2609.11807
2609.11808
2609.11859
2609.11863
2609.11873
2609.11876
2609.11889
2609.11897
2609.11900
2609.11911
2609.11912
2609.11913
2609.11915
2609.11917
2609.11918
2609.11923
2609.11933
2609.11942
2609.11943
2609.11945
2609.11951
2609.11953
2609.11977
2609.11987
2609.12000
2609.12002
2609.12014
2609.12017
2609.12036
2609.12039
2609.12077
2609.12086
2609.12103
2609.12104
2609.12105
2609.12111
2609.12116
2609.12165
2609.12191
2609.12220
2609.12243
2609.12265
2609.12270
2609.12303
2609.12347
2609.12353
2609.12354
2609.12356
2609.12373
2609.12375
2609.12394
2609.12398
2609.12399
2609.12400
2609.12404
2609.12419
2609.12422
2609.12424
2609.12436
2609.12437
2609.12441
2609.12446
2609.12459
2609.12482
2609.12489
2609.12495
2609.12531
2609.12537
2609.12550
2609.12551
2609.12556
2609.12578
2609.12579
2609.12591
2609.12598
2609.12599
2609.12651
2609.12655
2609.12679
2609.12686
2609.12694
2609.12695
2609.12697
2609.12704
2609.12712
2609.12742
2609.12748
2609.12749
2609.12754
2609.12758
2609.12766
2609.12791
2609.12795
2609.12814
2609.12822
2609.12830
2609.12842
2609.12851
2609.12890
2609.12896
2609.12897
2609.12923
2609.12945
2609.12946
2609.12978
2609.13003
2609.13005
2609.13009
2609.13012
2609.13031
2609.13035
2609.13037
2609.13044
2609.13047
2609.13050
2609.13058
2609.13060
2609.13072
2609.13073
2609.13082
2609.13118
2609.13125
2609.13134
2609.13141
2609.13144
2609.13200
2609.13205
2609.13231
2609.13253
2609.13285
2609.13334
2609.13356
2609.13374
2609.13406
2609.13422
2609.13443
2609.13486
2609.13489
2609.13500
2609.13564
2609.13592
2609.13612
2609.13657
2609.13672
2609.13678
2609.13716
2609.13718
2609.13727
2609.13734
2609.13800
2609.13824
2609.13889
2609.13993
2609.14005
2609.14016
2609.14060
2609.14088
2609.14100
2609.14116
2609.14138
2609.14144
2609.14237
2609.14239
2609.14263
2609.14287
2609.14320
2609.14400
2609.14412
2609.14493
2609.14500
2609.14512
2609.14565
2609.14575
2609.14579
2609.14636
2609.14648
2609.14708
2609.14717
2609.14766
2609.14773
2609.14827
2609.14850
2609.14858
2609.14860
2609.14872
2609.14885
2609.14892
2609.14896
2609.14959
2609.14976
2609.14978
2609.14992
2609.15037
2609.15064
2609.15094
2609.15100
2609.15126
2609.15164
2609.15248
2609.15293
2609.15296
2609.15344
2609.15359
2609.15361
2609.15389
2609.15476
2609.15504
2609.15517
2609.15578
2609.15598
2609.15636
2609.15645
2609.15660
2609.15692
2609.15780
2609.15800
2609.15810
2609.15820
2609.15838
2609.15928
2609.15964
2609.15972
2609.15982
2609.15983
2609.15989
2609.15996
2609.16000
2609.16004
2609.16034
2609.16051
2609.16055
2609.16059
2609.16070
2609.16076
2609.16077
2609.16093
2609.16098
2609.16123
2609.16145
2609.16161
2609.16179
2609.16183
2609.16206
2609.16215
2609.16268
2609.16270
2609.16304
2609.16305
2609.16338
2609.16391
2609.16407
2609.16450
2609.16452
2609.16453
2609.16454
2609.16461
2609.16495
2609.16522
2609.16537
2609.16540
2609.16548
2609.16560
2609.16604
2609.16606
2609.16617
2609.16625
2609.16635
2609.16648
2609.16660
2609.16671
2609.16679
2609.16697
2609.16730
2609.16751
2609.16793
2609.16816
2609.16847
2609.16850
2609.16883
2609.16930
2609.16933
2609.16937
2609.16963
2609.16993
2609.17008
2609.17010
2609.17012
2609.17037
2609.17043
2609.17055
2609.17109
2609.17146
2609.17178
2609.17184
2609.17226
2609.17251
2609.17306
2609.17320
2609.17343
2609.17346
2609.17380
2609.17391
2609.17394
2609.17406
2609.17416
2609.17419
2609.17469
2609.17474
2609.17475
2609.17488
2609.17525
2609.17527
2609.17532
2609.17535
2609.17537
2609.17573
2609.17599
2609.17601
2609.17611
2609.17639
2609.17652
2609.17653
2609.17686
2609.17688
2609.17691
2609.17695
2609.17698
2609.17708
2609.17709
2609.17754
2609.17757
2609.17764
2609.17788
2609.17804
2609.17817
2609.17846
2609.17848
2609.17857
2609.17863
2609.17885
2609.17888
2609.17890
2609.17895
2609.17909
2609.17921
2609.17930
2609.17940
2609.17943
2609.17969
2609.17983
2609.17985
2609.17989
2609.17997
2609.18004
2609.18005
2609.18033
2609.18042
2609.18063
2609.18094
2609.18099
2609.18107
2609.18108
2609.18112
2609.18123
2609.18131
2609.18135
2609.18145
2609.18148
2609.18154
2609.18163
2609.18167
2609.18176
2609.18188
2609.18193
2609.18203
2609.18238
2609.18249
2609.18262
2609.18282
2609.18286
2609.18296
2609.18304
2609.18310
2609.18314
2609.18320
2609.18328
2609.18341
2609.18346
2609.18357
2609.18393
2609.18417
2609.18442
2609.18460
2609.18461
2609.18462
2609.18471
2609.18515
2609.18519
2609.18587
2609.18591
2609.18597
2609.18599
2609.18610
2609.18639
2609.18642
2609.18650
2609.18672
2609.18677
2609.18695
2609.18708
2609.18723
2609.18729
2609.18731
2609.18736
2609.18779
2609.18807
2609.18820
2609.18829
2609.18842
2609.18848
2609.18849
2609.18861
2609.18878
2609.18909
2609.18916
2609.18929
2609.18935
2609.18949
2609.18950
2609.18966
2609.18996
2609.19002
2609.19004
2609.19022
2609.19040
2609.19059
2609.19088
2609.19101
2609.19113
2609.19134
2609.19138
2609.19144
2609.19145
2609.19146
2609.19149
2609.19156
2609.19164
2609.19170
2609.19203
2609.19206
2609.19209
2609.19212
2609.19213
2609.19242
2609.19244
2609.19291
2609.19315
2609.19319
2609.19325
2609.19356
2609.19366
2609.19387
2609.19391
2609.19394
2609.19399
2609.19402
2609.19414
2609.19417
2609.19425
2609.19438
2609.19441
2609.19449
2609.19452
2609.19465
2609.19472
2609.19482
2609.19499
2609.19502
2609.19504
2609.19511
2609.19513
2609.19515
2609.19519
2609.19521
2609.19526
2609.19529
2609.19530
2609.19537
2609.19538
2609.19565
2609.19587
2609.19589
2609.19600
2609.19606
2609.19607
2609.19610
2609.19613
2609.19622
2609.19636
2609.19644
2609.19656
2609.19657
2609.19659
2609.19671
2609.19674
2609.19677
2609.19680
2609.19688
2609.19702
2609.19705
2609.19706
2609.19717
2609.19759
2609.19787
2609.19789
2609.19799
2609.19801
2609.19820
2609.19830
2609.19831
2609.19832
2609.19843
2609.19850
2609.19863
2609.19868
2609.19878
2609.19880
2609.19883
2609.19887
2609.19894
2609.19903
2609.19905
2609.19928
2609.19934
2609.19940
2609.19942
2609.19956
2609.19962
2609.19969
2609.19970
2609.20004
2609.20034
2609.20050
2609.20068
2609.20077
2609.20082
2609.20089
2609.20098
2609.20116
2609.20129
2609.20131
2609.20143
2609.20156
2609.20158
2609.20171
2609.20175
2609.20186
2609.20188
2609.20193
2609.20211
2609.20218
2609.20261
2609.20268
2609.20269
2609.20277
2609.20300
2609.20301
2609.20306
2609.20313
2609.20349
2609.20353
2609.20365
2609.20377
2609.20388
2609.20389
2609.20396
2609.20398
2609.20408
2609.20412
2609.20425
2609.20449
2609.20450
2609.20474
2609.20511
2609.20519
2609.20530
2609.20531
2609.20539
2609.20541
2609.20543
2609.20548
2609.20563
2609.20575
2609.20586
2609.20614
2609.20625
2609.20630
2609.20646
2609.20649
2609.20669
2609.20696
2609.20709
2609.20715
2609.20734
2609.20744
2609.20747
2609.20751
2609.20761
2609.20768
2609.20779
2609.20784
2609.20789
2609.20796
2609.20800
2609.20804
2609.20807
2609.20812
2609.20822
2609.20823
2609.20824
2609.20831
2609.20844
2609.20845
2609.20846
2609.20886
2609.20887
2609.20888
2609.20942
2609.20945
2609.20954
2609.20968
2609.20971
2609.20973
2609.20974
2609.21032
2609.21044
2609.21058
2609.21064
2609.21081
2609.21094
2609.21096
2609.21100
2609.21113
2609.21139
2609.21172
2609.21181
2609.21187
2609.21190
2609.21208
2609.21214
2609.21247
2609.21257
2609.21259
2609.21267
2609.21277
2609.21281
2609.21284
2609.21293
2609.21308
2609.21320
2609.21325
2609.21327
2609.21340
2609.21346
2609.21349
2609.21362
2609.21371
2609.21378
2609.21382
2609.21383
2609.21386
2609.21392
2609.21423
2609.21425
2609.21432
2609.21439
2609.21450
2609.21475
2609.21482
2609.21484
2609.21492
2609.21496
2609.21509
2609.21514
2609.21525
2609.21527
2609.21533
2609.21547
2609.21548
2609.21550
2609.21561
2609.21562
2609.21573
2609.21605
2609.21617
2609.21619
2609.21626
2609.21637
2609.21650
2609.21662
2609.21666
2609.21672
2609.21677
2609.21686
2609.21704
2609.21712
2609.21740
2609.21748
2609.21749
2609.21787
2609.21791
2609.21793
2609.21826
2609.21827
2609.21838
2609.21841
2609.21857
2609.21858
2609.21863
2609.21888
2609.21894
2609.21899
2609.21929
2609.21940
2609.21944
2609.21945
2609.21953
2609.21967
2609.21976
2609.21989
2609.21996
2609.21997
2609.22000
2609.22005
2609.22008
2609.22041
2609.22043
2609.22055
2609.22056
2609.22064
2609.22067
2609.22068
2609.22069
2609.22083
2609.22086
2609.22087
2609.22158
2609.22175
2609.22177
2609.22194
2609.22245
2609.22255
2609.22308
2609.22441
2609.22478
2609.22486
2609.22512
2609.22531
2609.22585
2609.22588
2609.22601
2609.22641
2609.22655
2609.22682
2609.22730
2609.22747
2609.22755
2609.22770
2609.22818
2609.22819
2609.22839
2609.22866
2609.22870
2609.22879
2609.22880
2609.22884
2609.22906
2609.22951
2609.22968
2609.22978
2609.23033
2609.23039
2609.23043
2609.23058
2609.23064
2609.23065
2609.23085
2609.23104
2609.23111
2609.23118
2609.23130
2609.23142
2609.23162
2609.23184
2609.23201
2609.23252
2609.23257
2609.23264
2609.23308
2609.23314
2609.23354
2609.23366
2609.23369
2609.23385
2609.23387
2609.23449
2609.23457
2609.23466
2609.23574
2609.23577
2609.23585
2609.23587
2609.23640
2609.23646
2609.23677
2609.23686
2609.23697
2609.23718
2609.23753
2609.23780
2609.23790
2609.23808
2609.23849
2609.23875
2609.23877
2609.23916
2609.23917
2609.23926
2609.24025
2609.24033
2609.24054
2609.24106
2609.24122
2609.24128
2609.24137
2609.24152
2609.24156
2609.24196
2609.24229
2609.24292
2609.24313
2609.24322
2609.24370
2609.24403
2609.24407
2609.24430
2609.24432
2609.24441
2609.24480
2609.24493
2609.24516
2609.24554
2609.24555
2609.25001
2609.25006
2609.25010
2609.25066
2609.25176
2609.25189
2609.25195
2609.25220
2609.25237
2609.25297
2609.25397
2609.25410
2609.25424
2609.25432
2609.25433
2609.25463
2609.25485
2609.25504
2609.25510
2609.25518
2609.25521
2609.25537
2609.25541
2609.25542
2609.25570
2609.25572
2609.25591
2609.25602
2609.25611
2609.25618
2609.25623
2609.25637
2609.25638
2609.25643
2609.25645
2609.25647
2609.25652
2609.25655
2609.25677
2609.25678
2609.25686
2609.25701
2609.25738
2609.25741
2609.25760
2609.25777
2609.25788
2609.25802
2609.25804
2609.25806
2609.25808
2609.25809
2609.25825
2609.25848
2609.25850
2609.25853
2609.25913
2609.25916
2609.25959
2609.25961
2609.25963
2609.25980
2609.25991
2609.26007
2609.26010
2609.26025
2609.26048
2609.26056
2609.26059
2609.26061
2609.26100
2609.26107
2609.26143
2609.26213
2609.26265
2609.26290
2609.26293
2609.26299
2609.26300
2609.26303
2609.26314
2609.26326
2609.26333
2609.26355
2609.26361
2609.26363
2609.26368
2609.26375
2609.26389
2609.26425
2609.26457
2609.26458
2609.26481
2609.26487
2609.26488
2609.26499
2609.26566
2609.26579
2609.26629
2609.26637
2609.26642
2609.26658
2609.26670
2609.26693
2609.26704
2609.26707
2609.26708
2609.26718
2609.26758
2609.26777
2609.26779
2609.26781
2609.26783
2609.26792
2609.26795
2609.26796
2609.26809
2609.26891
2609.26913
2609.26918
2609.26921
2609.26927
2609.26929
2609.26975
2609.26976
2609.26977
2609.27033
2609.27035
2609.27038
2609.27041
2609.27068
2609.27166
2609.27173
2609.27175
2609.27176
2609.27181
2609.27183
2609.27201
2609.27213
2609.27233
2609.27242
2609.27246
2609.27248
2609.27252
2609.27269
2609.27273
2609.27276
2609.27277
2609.27279
2609.27282
2609.27284
2609.27285
2609.27286
2609.27287
2609.27288
2609.27294
2609.27296
2609.27297
2609.27298
2609.27299
2609.27303
2609.27304
2609.27306
2609.27307
2609.27309
2609.27311
2609.27312
2609.27314
2609.27321
2609.27329
2609.27331
2609.27333
2609.27334
2609.27336
2609.27362
2609.27365
2609.27367
2609.27373
2609.27374
2609.27380
2609.27385
2609.27396
2609.27402
2609.27408
2609.27411
2609.27414
2609.27421
2609.27449
2609.27452
2609.27455
2609.27458
2609.27459
2609.27461
2609.27470
2609.27473
2609.27490
2609.27510
2609.27517
2609.27532
2609.27535
2609.27560
2609.27572
2609.27581
2609.27585
2609.27586
2609.27588
2609.27593
2609.27605
2609.27619
2609.27633
2609.27637
2609.27639
2609.27656
2609.27657
2609.27664
2609.27667
2609.27669
2609.27675
2609.27678
2609.27679
2609.27699
2609.27717
2609.27738
2609.27741
2609.27746
2609.27770
2609.27845
2609.27867
2609.27901
2609.27929
2609.27953
2609.27964
2609.27981
2609.27998
2609.28006
2609.28018
2609.28041
2609.28048
2609.28053
2609.28064
2609.28082
2609.28085
2609.28090
2609.28095
2609.28122
2609.28128
2609.28130
2609.28145
2609.28150
2609.28172
2609.28175
2609.28177
2609.28197
2609.28208
2609.28209
2609.28212
2609.28243
2609.28247
2609.28248
2609.28256
2609.28258
2609.28263
2609.28270
2609.28272
2609.28274
2609.28322
2609.28327
2609.28328
2609.28333
2609.28342
2609.28354
2609.28372
2609.28375
2609.28383
2609.28385
2609.28393
2609.28398
2609.28399
2609.28402
2609.28406
2609.28414
2609.28416
2609.28465
2609.28466
2609.28470
2609.28471
2609.28473
2609.28475
2609.28504
2609.28506
2609.28530
2609.28547
2609.28554
2609.28564
2609.28570
2609.28575
2609.28576
2609.28581
2609.28585
2609.28589
2609.28603
2609.28609
2609.28614
2609.28625
2609.28653
2609.28654
2609.28670
2609.28682
2609.28690
2609.28697
2609.28737
2609.28765
2609.28771
2609.28776
2609.28784
2609.28792
2609.28798
2609.28807
2609.28809
2609.28811
2609.28812
2609.28838
2609.28845
2609.28850
2609.28858
2609.28865
2609.28870
2609.28873
2609.28876
2609.28878
2609.28900
2609.28919
2609.28920
2609.28923
2609.28927
2609.28931
2609.28942
2609.28952
2609.28963
2609.28972
2609.28973
2609.28980
2609.28984
2609.28998
2609.29000
2609.29007
2609.29014
2609.29015
2609.29016
2609.29020
2609.29024
2609.29032
2609.29045
2609.29049
2609.29050
2609.29051
2609.29060
2609.29073
2609.29091
2609.29092
2609.29095
2609.29096
2609.29102
2609.29109
2609.29117
2609.29121
2609.29123
2609.29126
2609.29140
2609.29142
2609.29144
2609.29154
2609.29160
2609.29169
2609.29171
2609.29175
2609.29178
2609.29180
2609.29182
2609.29191
2609.29194
2609.29204
2609.29212
2609.29228
2609.29233
2609.29240
2609.29245
2609.29264
2609.29268
2609.29278
2609.29281
2609.29282
2609.29283
2609.29308
2609.29309
2609.29317
2609.29321
2609.29332
2609.29333
2609.29366
2609.29382
2609.29389
2609.29390
2609.29394
2609.29397
2609.29403
2609.29421
2609.29423
2609.29429
2609.29431
2609.29444
2609.29445
2609.29448
2609.29453
2609.29455
2609.29474
2609.29499
2609.29500
2609.29504
2609.29505
2609.29508
2609.29509
2609.29518
2609.29543
2609.29545
2609.29548
2609.29555
2609.29578
2609.29587
2609.29607
2609.29609
2609.29615
2609.29618
2609.29626
2609.29646
2609.29648
2609.29649
2609.29652
2609.29664
2609.29669
2609.29686
2609.29691
2609.29694
2609.29695
2609.29701
2609.29709
2609.29711
2609.29735
2609.29738
2609.29750
2609.29769
2609.29773
2609.29774
2609.29775
2609.29781
2609.29792
2609.29803
2609.29807
2609.29808
2609.29812
2609.29815
2609.29816
2609.29837
2609.29845
2609.29867
2609.29869
2609.29875
2609.29879
2609.29912
2609.29913
2609.29921
2609.29929
2609.29931
2609.29933
2609.29934
2609.29935
2609.29938
2609.29939
2609.29952
2609.29958
2609.29960
2609.29961
2609.29973
2609.29974
2609.29977
2609.29983
2609.30001
2609.30012
2609.30019
2609.30023
2609.30028
2609.30036
2609.30048
2609.30055
2609.30057
2609.30058
2609.30059
2609.30063
2609.30074
2609.30096
2609.30104
2609.30127
2609.30130
2609.30134
2609.30137
2609.30147
2609.30150
2609.30151
2609.30163
2609.30173
2609.30177
2609.30185
2609.30192
2609.30198
2609.30199
2609.30210
2609.30214
2609.30217
2609.30221
2609.30226
2609.30233
2609.30243
2609.30247
2609.30249
2609.30258
2609.30264
2609.30266
2609.30270
2609.30275
2609.30287
2609.30289
2609.30293
2609.30297
2609.30299
2609.30307
2609.30308
2609.30316
2609.30325
2609.30326
2609.30328
2609.30342
2609.30345
2609.30349
2609.30352
2609.30356
2609.30360
2609.30361
2609.30364
2609.30379
2609.30383
2609.30391
2609.30402
2609.30405
2609.30436
2609.30448
2609.30465
2609.30467
2609.30471
2609.30478
2609.30500
2609.30509
2609.30517
2609.30523
2609.30528
2609.30535
2609.30541
2609.30547
2609.30554
2609.30556
2609.30558
2609.30560
2609.30568
2609.30571
2609.30576
2609.30578
2609.30594
2609.30601
2609.30604
2609.30611
2609.30614
2609.30620
2609.30625
2609.30628
2609.30634
2609.30638
2609.30642
2609.30652
2609.30656
2609.30657
2609.30662
2609.30667
2609.30679
2609.30682
2609.30691
2609.30696
2609.30698
2609.30702
2609.30705
2609.30706
2609.30711
2609.30715
2609.30716
2609.30717
2609.30721
2609.30725
2609.30734
2609.30738
2609.30749
2609.30751
2609.30766
2609.30768
2609.30770
2609.30797
2609.30798
2609.30812
2609.30813
2609.30820
2609.30830
2609.30833
2609.30837
2609.30841
2609.30854
2609.30856
2609.30859
2609.30861
2609.30864
2609.30867
2609.30868
2609.30878
2609.30880
2609.30883
2609.30884
2609.30904
2609.30906
2609.30929
2609.30935
2609.30936
2609.30940
2609.30943
2609.30946
2609.30948
2609.30950
2609.30952
2609.30954
2609.30967
2609.30982
2609.30996
2609.30997
2609.31002
2609.31009
2609.31013
2609.31016
2609.31022
2609.31025
2609.31038
2609.31039
2609.31045
2609.31047
2609.31048
2609.31054
2609.31060
2609.31062
2609.31066
2609.31071
2609.31076
2609.31093
2609.31098
2609.31099
2609.31107
2609.31110
2609.31121
2609.31122
2609.31138
2609.31140
2609.31142
2609.31162
2609.31164
2609.31166
2609.31176
2609.31181
2609.31184
2609.31186
2609.31192
2609.31193
2609.31214
2609.31215
2609.31224
2609.31234
2609.31253
2609.31260
2609.31261
2609.31281
2609.31286
2609.31288
2609.31301
2609.31306
2609.31313
2609.31315
2609.31318
2609.31325
2609.31341
2609.31342
2609.31349
2609.31351
2609.31354
2609.31356
2609.31360
2609.31361
2609.31366
2609.31371
2609.31373
2609.31374
2609.31379
2609.31381
2609.31382
2609.31390
2609.31392
2609.31395
2609.31415
2609.31422
2609.31430
2609.31450
2609.31451
2609.31456
2609.31458
2609.31460
2609.31468
2609.31473
2609.31490
2609.31498
2609.31505
2609.31507
2609.31524
2609.31531
2609.31540
2609.31551
2609.31552
2609.31558
2609.31560
2609.31562
2609.31563
2609.31571
2609.31575
2609.31587
2609.31590
2609.31600
2609.31603
2609.31619
2609.31620
2609.31696
2609.31704
2609.31714
2609.31715
2609.31718
2609.31757
2609.31890
2609.31901
2609.31963
2609.31989
2609.32005
2609.32048
2609.32092
2609.32093
2609.32100
2609.32172
2609.32185
2609.32186
2609.32208
2609.32209
2609.32215
2609.32227
2609.32228
2609.32248
2609.32407
2609.32470
2609.32488
2609.32532
2609.32533
2609.32544
2609.32643
2609.32656
2609.32671
2609.32676
2609.32684
2609.32758
2609.32772
2609.32817
2609.32839
2609.32867
2609.32886
2609.32908
2609.33013
2609.33044
2609.33045
2609.33068
2609.33073
2609.33102
2609.33115
2609.33153
2609.33295
2609.33312
2609.33343
2609.33346
2609.33357
2609.33359
2609.33370
2609.33457
2609.33503
2609.33563
2609.33566
2609.33638
2609.33658
2609.33669
2609.33670
2609.33678
2609.33730
2609.33740
2609.33745
2609.33839
2609.33888
2609.33909
2609.33920
2609.34031
2609.34044
2609.34054
2609.34083
2609.34191
2609.34192
2609.34205
2609.34214
2609.34227
2609.34229
2609.34292
2609.34306
2609.34342
2609.34404
2609.34432
2609.34447
2609.34459
2609.34515
2609.34552
2609.34572
2609.34576
2609.34584
2609.34590
2609.34633
2609.34717
2609.34769
2609.34802
2609.34810
2609.34848
2609.34878
2609.34924
2609.34951
2609.35031
2609.35034
2609.35041
2609.35074
2609.35077
2609.35082
2609.35084
2609.35110
2609.35138
2609.35210
2609.35215
2609.35262
2609.35269
2609.35279
2609.35285
2609.35303
2609.35390
2609.35412
2609.35430
2609.35441
2609.35472
2609.35501
2609.35505
2609.35517
2609.35544
2609.35559
2609.35561
2609.35571
2609.35596
2609.35599
2609.35618
2609.35623
2609.35641
2609.35643
2609.35659
2609.35664
2609.35677
2609.35695
2609.35706
2609.35711
2609.35739
2609.35741
2609.35744
2609.35750
2609.35754
2609.35771
2609.35835
2609.35889
2609.35904
2609.35908
2609.35952
2609.35954
2609.36043
2609.36046
2609.36049
2609.36062
2609.36071
2609.36086
2609.36099
2609.36130
2609.36132
2609.36136
2609.36153
2609.36178
2609.36225
2609.36227
2609.36259
2609.36264
2609.36308
2609.36314
2609.36316
2609.36326
2609.36346
2609.36376
2609.36393
2609.36453
2609.36473
2609.36526
2609.36529
2609.36546
2609.36578
2609.36590
2609.36614
2609.36647
2609.36667
2609.36670
2609.36671
2609.36688
2609.36722
2609.36734
2609.36739
2609.36740
2609.36742
2609.36750
2609.36760
2609.36787
2609.36789
2609.36805
2609.36812
2609.36820
2609.36835
2609.36849
2609.36864
2609.36899
2609.36900
2609.36914
2609.36931
2609.36935
2609.36938
2609.36939
2609.36958
2609.36987
2609.37029
2609.37044
2609.37055
2609.37062
2609.37105
2609.37107
2609.37119
2609.37132
2609.37169
2609.37170
2609.37183
2609.37196
2609.37243
2609.37255
2609.37261
2609.37311
2609.37312
2609.37315
2609.37321
2609.37402
2609.37432
2609.37441
2609.37447
2609.37468
2609.37469
2609.37472
2609.37510
2609.37522
2609.37532
2609.37538
2609.37544
2609.37626
2609.37633
2609.37647
2609.37745
2609.37800
2609.37810
2609.37825
2609.37834
2609.37852
2609.37868
2609.37891
2609.37898
2609.37905
2609.37907
2609.37911
2609.37915
2609.37951
2609.37959
2609.37968
2609.37970
2609.37976
2609.37988
2609.37989
2609.38021
2609.38025
2609.38027
2609.38043
2609.38057
2609.38058
2609.38065
2609.38070
2609.38086
2609.38090
2609.38099
2609.38104
2609.38108
2609.38109
2609.38120
2609.38121
2609.38123
2609.38137
2609.38140
2609.38143
2609.38147
2609.38162
2609.38163
2609.38166
2609.38169
2609.38178
2609.38180
2609.38270
2609.38274
2609.38299
2609.38324
2609.38327
2609.38329
2609.38334
2609.38353
2609.38360
2609.38361
2609.38379
2609.38386
2609.38391
2609.38397
2609.38428
2609.38446
2609.38455
2609.38473
2609.38510
2609.38524
2609.38526
2609.38536
2609.38537
2609.38554
2609.38562
2609.38563
2609.38571
2609.38577
2609.38598
2609.38616
2609.38639
2609.38646
2609.38647
2609.38648
2609.38659
2609.38661
2609.38662
2609.38673
2609.38676
2609.38684
2609.38685
2609.38695
2609.38698
2609.38706
2609.38718
2609.38733
2609.38743
2609.38792
2609.38794
2609.38802
2609.38805
2609.38807
2609.38811
2609.38812
2609.38814
2609.38817
2609.38822
2609.38827
2609.38830
2609.38832
2609.38847
2609.38854
2609.38880
2609.38881
2609.38885
2609.38889
2609.38890
2609.38891
2609.38925
2609.38927
2609.38946
2609.38948
2609.38949
2609.38956
2609.38958
2609.38959
2609.38962
2609.38971
2609.38972
2609.38974
2609.38982
2609.38983
2609.38984
2609.38987
2609.38991
2609.38997
2609.38998
2609.38999
2609.39001
2609.39007
2609.39018
2609.39021
2609.39025
2609.39026
2609.39027
2609.39028
2609.39032
2609.39034
2609.39037
2609.39043
2609.39045
2609.39050
2609.39064
2609.39065
2609.39068
2609.39069
2609.39075
2609.39078
2609.39082
2609.39086
2609.39091
2609.39097
2609.39099
2609.39106
2609.39109
2609.39114
2609.39117
2609.39118
2609.39120
2609.39123
2609.39131
2609.39137
2609.39138
2609.39140
2609.39146
2609.39148
2609.39149
2609.39150
2609.39151
2609.39154
2609.39164
2609.39166
2609.39168
2609.39182
2609.39185
2609.39188
2609.39207
2609.39211
2609.39215
2609.39220
2609.39223
2609.39229
2609.39232
2609.39238
2609.39239
2609.39243
2609.39247
2609.39265
2609.39279
2609.39285
2609.39294
2609.39297
2609.39303
2609.39304
2609.39306
2609.39312
2609.39319
2609.39321
2609.39325
2609.39327
2609.39329
2609.39333
2609.39334
2609.39341
2609.39351
2609.39352
2609.39360
2609.39361
2609.39363
2609.39367
2609.39368
2609.39382
2609.39386
2609.39388
2609.39392
2609.39402
2609.39403
2609.39426
2609.39436
2609.39442
2609.39445
2609.39473
2609.39494
2609.39496
2609.39532
2609.39533
2609.39544
2609.39549
2609.39551
2609.39559
2609.39564
2609.39578
2609.39591
2609.39604
2609.39607
2609.39634
2609.39661
2609.39678
2609.39687
2609.39696
2609.39701
2609.39710
2609.39717
2609.39727
2609.39740
2609.39741
2609.39742
2609.39757
2609.39763
2609.39765
2609.39785
2609.39788
2609.39801
2609.39807
2609.39818
2609.39819
2609.39820
2609.39828
2609.39829
2609.39832
2609.39846
2609.39859
2609.39863
2609.39871
2609.39877
2609.39887
2609.39888
2609.39889
2609.39901
2609.39912
2609.39929
2609.39953
2609.39958
2609.39972
2609.39982
2609.40003
2609.40027
2609.40034
2609.40035
2609.40051
2609.40055
2609.40069
2609.40070
2609.40071
2609.40098
2609.40115
2609.40117
2609.40118
2609.40121
2609.40137
2609.40147
2609.40148
2609.40169
2609.40181
2609.40190
2609.40219
2609.40221
2609.40225
2609.40241
2609.40247
2609.40253
2609.40265
2609.40267
2609.40269
2609.40272
2609.40284
2609.40285
2609.40295
2609.40297
2609.40303
2609.40316
2609.40330
2609.40360
2609.40363
2610.00002
2610.00007
2610.00045
2610.00049
2610.00054
2610.00083
2610.00096
2610.00120
2610.00148
2610.00149
2610.00202
2610.00321
2610.00328
2610.00332
2610.00367
2610.00368
2610.00372
2610.00385
2610.00388
2610.00394
2610.00396
2610.00408
2610.00412
2610.00416
2610.00418
2610.00430
2610.00465
2610.00483
2610.00492
2610.00499
2610.00548
2610.00559
2610.00568
2610.00601
2610.00608
2610.00613
2610.00619
2610.00623
2610.00650
2610.00651
2610.00654
2610.00661
2610.00663
2610.00666
2610.00671
2610.00673
2610.00679
2610.00684
2610.00685
2610.00686
2610.00687
2610.00694
2610.00717
2610.00722
2610.00754
2610.00785
2610.00809
2610.00812
2610.00817
2610.00831
2610.00834
2610.00838
2610.00872
2610.00885
2610.00888
2610.00890
2610.00899
2610.00902
2610.00906
2610.00911
2610.00929
2610.00948
2610.00949
2610.00954
2610.00964
2610.00970
2610.00972
2610.00980
2610.00983
2610.00991
2610.01026
2610.01028
2610.01039
2610.01042
2610.01045
2610.01054
2610.01062
2610.01064
2610.01066
2610.01082
2610.01108
2610.01110
2610.01116
2610.01127
2610.01133
2610.01139
2610.01161
2610.01172
2610.01181
2610.01207
2610.01213
2610.01218
2610.01222
2610.01224
2610.01230
2610.01238
2610.01239
2610.01243
2610.01244
2610.01265
2610.01270
2610.01301
2610.01306
2610.01324
2610.01352
2610.01377
2610.01388
2610.01395
2610.01399
2610.01415
2610.01439
2610.01458
2610.01479
2610.01493
2610.01508
2610.01509
2610.01511
2610.01520
2610.01533
2610.01535
2610.01548
2610.01553
2610.01564
2610.01595
2610.01614
2610.01618
2610.01640
2610.01663
2610.01664
2610.01667
2610.01670
2610.01674
2610.01687
2610.01705
2610.01729
2610.01741
2610.01742
2610.01751
2610.01763
2610.01766
2610.01787
2610.01801
2610.01807
2610.01815
2610.01821
2610.01828
2610.01834
2610.01845
2610.01847
2610.01896
2610.01908
2610.01914
2610.01939
2610.01950
2610.01953
2610.01967
2610.01973
2610.01984
2610.02001
2610.02002
2610.02005
2610.02010
2610.02012
2610.02015
2610.02019
2610.02022
2610.02023
2610.02026
2610.02036
2610.02038
2610.02039
2610.02040
2610.02045
2610.02054
2610.02057
2610.02061
2610.02066
2610.02067
2610.02070
2610.02074
2610.02081
2610.02117
2610.02122
2610.02131
2610.02140
2610.02142
2610.02144
2610.02148
2610.02150
2610.02159
2610.02160
2610.02161
2610.02163
2610.02179
2610.02185
2610.02186
2610.02188
2610.02189
2610.02190
2610.02191
2610.02193
2610.02195
2610.02198
2610.02199
2610.02200
2610.02201
2610.02202
2610.02203
2610.02204
2610.02205
2610.02206
2610.02207
2610.02208
2610.02210
2610.02255
2610.02267
2610.02331
2610.02359
2610.02366
2610.02425
2610.02472
2610.02479
2610.02503
2610.02542
2610.02557
2610.02563
2610.02572
2610.02580
2610.02600
2610.02616
2610.02645
2610.02670
2610.02700
2610.02702
2610.02744
2610.02781
2610.02828
2610.02835
2610.02847
2610.02911
2610.02920
2610.02968
2610.02986
2610.03000
2610.03033
2610.03052
2610.03063
2610.03080
2610.03095
2610.03109
2610.03124
2610.03147
2610.03185
2610.03199
2610.03273
2610.03598
2610.03604
2610.03621
2610.03651
2610.03695
2610.03716
2610.03717
2610.03718
2610.03923
2610.04010
2610.04253
2610.04261
2610.04302
2610.04344
2610.04352
2610.04371
2610.04596
2610.04672
2610.04699
2610.04753
2610.04791
2610.04810
2610.04851
2610.04860
2610.04878
2610.04906
2610.04915
2610.04920
2610.04931
2610.04937
2610.04940
2610.04978
2610.04997
2610.05033
2610.05041
2610.05107
2610.05170
2610.05200
2610.05303
2610.05432
2610.05550
2610.05559
2610.05569
2610.05597
2610.05619
2610.05650
2610.05670
2610.05685
2610.05686
2610.05744
2610.05748
2610.05750
2610.05787
2610.05800
2610.05828
2610.05830
2610.05833
2610.05872
2610.05885
2610.05902
2610.05956
2610.05961
2610.05966
2610.05968
2610.05976
2610.05978
2610.05982
2610.05996
2610.06018
2610.06025
2610.06026
2610.06028
2610.06050
2610.06060
2610.06105
2610.06116
2610.06186
2610.06191
2610.06192
2610.06204
2610.06216
2610.06251
2610.06262
2610.06269
2610.06347
2610.06387
2610.06439
2610.06479
2610.06559
2610.06590
2610.06689
2610.06703
2610.06725
2610.06751
2610.06773
2610.06804
2610.06833
2610.06851
2610.06853
2610.06900
2610.06901
2610.06910
2610.07100
2610.07105
2610.07127
2610.07247
2610.07309
2610.07386
2610.07402
2610.07405
2610.07475
2610.07491
2610.07505
2610.07544
2610.07588
2610.07591
2610.07593
2610.07603
2610.07625
2610.07638
2610.07640
2610.07643
2610.07654
2610.07663
2610.07686
2610.07708
2610.07730
2610.07731
2610.07737
2610.07753
2610.07761
2610.07766
2610.07767
2610.07781
2610.07782
2610.07809
2610.07810
2610.07814
2610.07816
2610.07834
2610.07842
2610.07848
2610.07853
2610.07858
2610.07874
2610.07906
2610.07907
2610.07935
2610.07940
2610.07948
2610.07960
2610.07967
2610.07973
2610.07979
2610.08026
2610.08033
2610.08048
2610.08076
2610.08093
2610.08095
2610.08097
2610.08132
2610.08136
2610.08142
2610.08144
2610.08215
2610.08232
2610.08245
2610.08275
2610.08300
2610.08319
2610.08329
2610.08346
2610.08350
2610.08364
2610.08373
2610.08378
2610.08388
2610.08398
2610.08402
2610.08407
2610.08430
2610.08432
2610.08448
2610.08452
2610.08463
2610.08527
2610.08539
2610.08540
2610.08561
2610.08563
2610.08578
2610.08593
2610.08621
2610.08626
2610.08647
2610.08691
2610.08716
2610.08719
2610.08720
2610.08722
2610.08732
2610.08743
2610.08750
2610.08768
2610.08772
2610.08773
2610.08775
2610.08777
2610.08780
2610.08791
2610.08792
2610.08898
2610.08960
2610.09002
2610.09021
2610.09092
2610.09120
2610.09142
2610.09188
2610.09191
2610.09193
2610.09218
2610.09239
2610.09244
2610.09262
2610.09285
2610.09296
2610.09305
2610.09307
2610.09342
2610.09346
2610.09371
2610.09415
2610.09416
2610.09484
2610.09541
2610.09597
2610.09611
2610.09624
2610.09639
2610.09647
2610.09679
2610.09683
2610.09693
2610.09703
2610.09712
2610.09760
2610.09772
2610.09804
2610.09820
2610.09827
2610.09832
2610.09835
2610.09841
2610.09843
2610.09856
2610.09858
2610.09892
2610.09944
2610.09985
2610.10047
2610.10061
2610.10062
2610.10087
2610.10091
2610.10118
2610.10120
2610.10124
2610.10126
2610.10170
2610.10173
2610.10179
2610.10201
2610.10263
2610.10273
2610.10274
2610.10295
2610.10332
2610.10381
2610.10393
2610.10394
2610.10407
2610.10411
2610.10422
2610.10426
2610.10460
2610.10468
2610.10478
2610.10483
2610.10488
2610.10536
2610.10537
2610.10539
2610.10540
2610.10556
2610.10622
2610.10845
2610.10859
2610.10918
2610.10920
2610.10932
2610.10942
2610.10955
2610.10995
2610.11017
2610.11019
2610.11030
2610.11031
2610.11037
2610.11051
2610.11063
2610.11064
2610.11074
2610.11111
2610.11128
2610.11129
2610.11135
2610.11140
2610.11148
2610.11160
2610.11164
2610.11188
2610.11201
2610.11213
2610.11214
2610.11228
2610.11245
2610.11247
2610.11277
2610.11281
2610.11284
2610.11287
2610.11291
2610.11314
2610.11328
2610.11351
2610.11352
2610.11375
2610.11392
2610.11436
2610.11450
2610.11451
2610.11464
2610.11472
2610.11501
2610.11502
2610.11519
2610.11542
2610.11552
2610.11553
2610.11570
2610.11573
2610.11575
2610.11600
2610.11613
2610.11628
2610.11634
2610.11650
2610.11655
2610.11663
2610.11666
2610.11675
2610.11678
2610.11692
2610.11694
2610.11696
2610.11707
2610.11711
2610.11718
2610.11723
2610.11734
2610.11750
2610.11765
2610.11775
2610.11776
2610.11798
2610.11816
2610.11842
2610.11843
2610.11854
2610.11889
2610.11908
2610.11915
2610.11922
2610.11959
2610.11989
2610.12002
2610.12010
2610.12061
2610.12133
2610.12135
2610.12156
2610.12161
2610.12168
2610.12183
2610.12204
2610.12240
2610.12243
2610.12248
2610.12256
2610.12265
2610.12299
2610.12300
2610.12304
2610.12321
2610.12327
2610.12341
2610.12360
2610.12374
2610.12375
2610.12378
2610.12390
2610.12412
2610.12417
2610.12420
2610.12436
2610.12444
2610.12453
2610.12461
2610.12463
2610.12467
2610.12470
2783.38343
2805.16564
3078.38318
3078.38319
3862.37838
4044.6434
4639.2025
4904.37920
4904.37922
4904.37923
4904.37924
4904.37925
4904.37927
4904.37928
5328.37480
5328.37481
5328.37593
5712.38084
5712.38085
5712.38097
6252.37615
6630.37285
9347.37440
9672.29397
9682.38400
9682.38402
9682.38406
9682.38410
9682.38411
9828.38160
