2609.01067
2609.01549
2609.11499
2609.11548
2609.11977
2609.12036
2609.12103
2609.12105
2609.12165
2609.12347
2609.12394
2609.12437
2609.12441
2609.12489
2609.12695
2609.12712
2609.12822
2609.12851
2609.12890
2609.12897
2609.13047
2609.13072
2609.13125
2609.13134
2609.13144
2609.13200
2609.13356
2609.13500
2609.13564
2609.13592
2609.13672
2609.13800
2609.13824
2609.14060
2609.14088
2609.14100
2609.14116
2609.14144
2609.14320
2609.14400
2609.14412
2609.14500
2609.14636
2609.14648
2609.14708
2609.14860
2609.14872
2609.14892
2609.14896
2609.14992
2609.15064
2609.15100
2609.15164
2609.15248
2609.15296
2609.15344
2609.15476
2609.15504
2609.15636
2609.15660
2609.15692
2609.15780
2609.15800
2609.15810
2609.15820
2609.15838
2609.15928
2609.15964
2609.15972
2609.15982
2609.15996
2609.16000
